date,period,n,rev,mr
2016-01-04,UNICO,79,-,0
2016-01-05,UNICO,,-,96
2016-01-06,UNICO,68,-,66
2016-01-07,UNICO,98,-,21
2016-01-08,UNICO,,-,73
2016-01-09,UNICO,2,-,25
2016-01-10,UNICO,,-,71
2016-01-11,UNICO,4,-,22
2016-01-12,UNICO,,-,84
2016-01-13,UNICO,1,-,26
2016-01-14,UNICO,29,-,68
2016-01-15,UNICO,,-,33
2016-01-16,UNICO,1,-,28
2016-01-17,UNICO,,-,17
2016-01-18,UNICO,51,-,87
2016-01-19,UNICO,,-,37
2016-01-20,UNICO,29,-,64
2016-01-21,UNICO,81,-,2
2016-01-22,UNICO,,-,15
2016-01-23,UNICO,20,-,62
2016-01-24,UNICO,,-,11
2016-01-25,UNICO,51,-,47
2016-01-26,UNICO,,-,86
2016-01-27,UNICO,26,-,38
2016-01-28,UNICO,31,-,17
2016-01-29,UNICO,,-,67
2016-01-30,UNICO,30,-,23
2016-01-31,UNICO,,-,84
2016-02-01,UNICO,97,-,12
2016-02-02,UNICO,,-,51
2016-02-03,UNICO,8,-,25
2016-02-04,UNICO,2,-,85
2016-02-05,UNICO,,-,62
2016-02-06,UNICO,17,-,87
2016-02-07,UNICO,,-,6
2016-02-08,UNICO,62,-,58
2016-02-09,UNICO,,-,54
2016-02-10,UNICO,70,-,64
2016-02-11,UNICO,56,-,72
2016-02-12,UNICO,,-,47
2016-02-13,UNICO,31,-,65
2016-02-14,UNICO,,-,90
2016-02-15,UNICO,31,-,54
2016-02-16,UNICO,,-,69
2016-02-17,UNICO,39,-,13
2016-02-18,UNICO,61,-,53
2016-02-19,UNICO,,-,64
2016-02-20,UNICO,48,-,5
2016-02-21,UNICO,,-,63
2016-02-22,UNICO,44,-,91
2016-02-23,UNICO,,-,86
2016-02-24,UNICO,18,-,47
2016-02-25,UNICO,41,-,49
2016-02-26,UNICO,,-,17
2016-02-27,UNICO,36,-,19
2016-02-28,UNICO,,-,73
2016-02-29,UNICO,89,-,6
2016-03-01,UNICO,,-,61
2016-03-02,UNICO,52,-,86
2016-03-03,UNICO,54,-,2
2016-03-04,UNICO,,-,63
2016-03-05,UNICO,1,-,62
2016-03-06,UNICO,,-,74
2016-03-07,UNICO,77,-,57
2016-03-08,UNICO,,-,17
2016-03-09,UNICO,99,-,96
2016-03-10,UNICO,59,-,4
2016-03-11,UNICO,,-,3
2016-03-12,UNICO,43,-,60
2016-03-13,UNICO,,-,38
2016-03-14,UNICO,40,-,22
2016-03-15,UNICO,,-,93
2016-03-16,UNICO,56,-,95
2016-03-17,UNICO,49,-,72
2016-03-18,UNICO,,-,35
2016-03-19,UNICO,32,-,79
2016-03-20,UNICO,,-,26
2016-03-28,UNICO,47,-,92
2016-03-29,UNICO,,-,38
2016-03-30,UNICO,5,-,63
2016-03-31,UNICO,7,-,61
2016-04-01,UNICO,,-,5
2016-04-02,UNICO,15,-,23
2016-04-03,UNICO,,-,18
2016-04-04,UNICO,64,-,92
2016-04-05,UNICO,,-,56
2016-04-06,UNICO,90,-,18
2016-04-07,UNICO,57,-,65
2016-04-08,UNICO,,-,6
2016-04-09,UNICO,78,-,19
2016-04-10,UNICO,,-,92
2016-04-11,UNICO,52,-,65
2016-04-12,UNICO,20,-,33
2016-04-13,UNICO,,-,1
2016-04-14,UNICO,59,-,17
2016-04-15,UNICO,,-,4
2016-04-16,UNICO,34,-,41
2016-04-17,UNICO,,-,5
2016-04-18,UNICO,4,-,69
2016-04-19,UNICO,,-,32
2016-04-20,UNICO,96,-,88
2016-04-21,UNICO,35,-,86
2016-04-22,UNICO,,-,92
2016-04-23,UNICO,22,-,83
2016-04-24,UNICO,,-,0
2016-04-25,UNICO,58,-,57
2016-04-26,UNICO,,-,31
2016-04-27,UNICO,32,-,23
2016-04-28,UNICO,51,-,22
2016-04-29,UNICO,,-,80
2016-04-30,UNICO,47,-,85
2016-05-01,UNICO,,-,52
2016-05-02,UNICO,65,-,12
2016-05-03,UNICO,,-,22
2016-05-04,UNICO,95,-,28
2016-05-05,UNICO,79,-,50
2016-05-06,UNICO,,-,90
2016-05-07,UNICO,79,-,60
2016-05-08,UNICO,,-,53
2016-05-09,UNICO,88,-,53
2016-05-10,UNICO,,-,42
2016-05-11,UNICO,69,-,55
2016-05-12,UNICO,87,-,85
2016-05-13,UNICO,,-,92
2016-05-14,UNICO,28,-,23
2016-05-15,UNICO,,-,55
2016-05-16,UNICO,62,-,75
2016-05-17,UNICO,,-,23
2016-05-18,UNICO,34,-,10
2016-05-19,UNICO,88,-,91
2016-05-20,UNICO,,-,9
2016-05-21,UNICO,89,-,56
2016-05-22,UNICO,,-,57
2016-05-23,UNICO,75,-,76
2016-05-24,UNICO,,-,18
2016-05-25,UNICO,85,-,26
2016-05-26,UNICO,27,-,31
2016-05-27,UNICO,,-,86
2016-05-28,UNICO,61,-,57
2016-05-29,UNICO,,-,24
2016-05-30,UNICO,84,-,27
2016-05-31,UNICO,,-,68
2016-06-01,UNICO,72,-,77
2016-06-02,UNICO,65,-,49
2016-06-03,UNICO,,-,29
2016-06-04,UNICO,42,-,25
2016-06-05,UNICO,,-,63
2016-06-06,UNICO,24,-,89
2016-06-07,UNICO,,-,56
2016-06-08,UNICO,85,-,97
2016-06-09,UNICO,19,-,92
2016-06-10,UNICO,,-,26
2016-06-11,UNICO,95,-,7
2016-06-12,UNICO,,-,79
2016-06-13,UNICO,19,-,90
2016-06-14,UNICO,,-,71
2016-06-15,UNICO,13,-,10
2016-06-16,UNICO,67,-,17
2016-06-17,UNICO,,-,66
2016-06-18,UNICO,85,-,4
2016-06-19,UNICO,,-,90
2016-06-20,UNICO,18,-,62
2016-06-21,UNICO,,-,21
2016-06-22,UNICO,39,-,54
2016-06-23,UNICO,92,-,52
2016-06-24,UNICO,,-,97
2016-06-25,UNICO,76,-,22
2016-06-26,UNICO,,-,36
2016-07-03,UNICO,,-,37
2016-07-04,UNICO,45,-,16
2016-07-05,UNICO,,-,8
2016-07-06,UNICO,61,-,70
2016-07-07,UNICO,97,-,73
2016-07-08,UNICO,,-,67
2016-07-09,UNICO,91,-,69
2016-07-10,UNICO,,-,66
2016-07-11,UNICO,10,-,96
2016-07-12,UNICO,,-,17
2016-07-13,UNICO,54,-,59
2016-07-14,UNICO,73,-,88
2016-07-15,UNICO,,-,90
2016-07-16,UNICO,70,-,
2016-07-17,UNICO,,-,76
2016-07-18,UNICO,29,-,44
2016-07-19,UNICO,,-,84
2016-07-20,UNICO,85,-,54
2016-07-21,UNICO,21,-,66
2016-07-22,UNICO,,-,2
2016-07-23,UNICO,34,-,53
2016-07-24,UNICO,,-,16
2016-07-25,UNICO,28,-,50
2016-07-26,UNICO,34,-,64
2016-07-27,UNICO,,-,28
2016-07-28,UNICO,93,-,52
2016-07-29,UNICO,,-,41
2016-07-30,UNICO,9,-,35
2016-07-31,UNICO,,-,96
2016-08-01,UNICO,84,-,70
2016-08-02,UNICO,,-,12
2016-08-03,UNICO,33,-,37
2016-08-04,UNICO,75,-,68
2016-08-05,UNICO,,-,38
2016-08-06,UNICO,42,-,24
2016-08-07,UNICO,,-,39
2016-08-08,UNICO,60,-,37
2016-08-09,UNICO,,-,23
2016-08-10,UNICO,37,-,3
2016-08-11,UNICO,0,-,95
2016-08-12,UNICO,,-,93
2016-08-13,UNICO,48,-,87
2016-08-14,UNICO,,-,44
2016-08-15,UNICO,41,-,29
2016-08-16,UNICO,72,-,57
2016-08-17,UNICO,,-,36
2016-08-18,UNICO,82,-,45
2016-08-19,UNICO,,-,3
2016-08-20,UNICO,0,-,34
2016-08-21,UNICO,,-,19
2016-08-22,UNICO,13,-,98
2016-08-23,UNICO,,-,22
2016-08-24,UNICO,65,-,94
2016-08-25,UNICO,77,-,86
2016-08-26,UNICO,,-,93
2016-08-27,UNICO,88,-,47
2016-08-28,UNICO,,-,3
2016-08-29,UNICO,60,-,77
2016-08-30,UNICO,,-,16
2016-08-31,UNICO,44,-,94
2016-10-01,UNICO,19,-,52
2016-10-02,UNICO,53,-,2
2016-10-03,UNICO,98,-,19
2016-10-04,UNICO,28,-,76
2016-10-05,UNICO,81,-,14
2016-10-06,UNICO,68,-,54
2016-10-07,UNICO,22,-,21
2016-10-08,UNICO,44,-,99
2016-10-09,UNICO,99,-,95
2016-10-10,UNICO,67,-,95
2016-10-11,UNICO,11,-,64
2016-10-12,UNICO,27,-,96
2016-10-13,UNICO,26,-,1
2016-10-14,UNICO,13,-,86
2016-10-15,UNICO,30,-,6
2016-10-16,UNICO,21,-,8
2016-10-17,UNICO,43,-,56
2016-10-18,UNICO,93,-,62
2016-10-19,UNICO,1,-,55
2016-10-20,UNICO,7,-,39
2016-10-21,UNICO,66,-,99
2016-10-22,UNICO,37,-,24
2016-10-23,UNICO,74,-,21
2016-10-24,UNICO,20,-,81
2016-10-25,UNICO,41,-,93
2016-10-26,UNICO,73,-,93
2016-10-27,UNICO,78,-,70
2016-10-28,UNICO,80,-,97
2016-10-29,UNICO,88,-,63
2016-10-30,UNICO,4,-,81
2016-10-31,UNICO,63,-,62
2016-11-01,UNICO,99,-,60
2016-11-02,UNICO,12,-,92
2016-11-03,UNICO,12,-,12
2016-11-04,UNICO,98,-,88
2016-11-05,UNICO,26,-,68
2016-11-06,UNICO,25,-,89
2016-11-07,UNICO,57,-,42
2016-11-08,UNICO,76,-,85
2016-11-09,UNICO,86,-,53
2016-11-10,UNICO,71,-,85
2016-11-11,UNICO,52,-,67
2016-11-12,UNICO,77,-,75
2016-11-13,UNICO,44,-,8
2016-11-14,UNICO,84,-,9
2016-11-15,UNICO,3,-,84
2016-11-16,UNICO,97,-,76
2016-11-17,UNICO,32,-,56
2016-11-18,UNICO,40,-,74
2016-11-19,UNICO,36,-,30
2016-11-20,UNICO,39,-,7
2016-11-21,UNICO,92,-,34
2016-11-22,UNICO,64,-,52
2016-11-23,UNICO,20,-,35
2016-11-24,UNICO,39,-,81
2016-11-25,UNICO,,-,60
2016-11-26,UNICO,82,-,47
2016-11-27,UNICO,44,-,71
2016-11-28,UNICO,38,-,70
2016-11-29,UNICO,42,-,94
2016-11-30,UNICO,45,-,71
2016-12-01,UNICO,90,-,80
2016-12-02,UNICO,63,-,34
2016-12-03,UNICO,69,-,96
2016-12-04,UNICO,53,-,3
2016-12-05,UNICO,46,-,90
2016-12-06,UNICO,3,-,14
2016-12-07,UNICO,71,-,74
2016-12-08,UNICO,94,-,92
2016-12-09,UNICO,37,-,12
2016-12-10,UNICO,4,-,16
2016-12-11,UNICO,16,-,61
2016-12-18,UNICO,,-,93
2016-12-19,UNICO,66,-,82
2016-12-20,UNICO,91,-,85
2016-12-21,UNICO,21,-,54
2016-12-22,UNICO,86,-,79
2016-12-23,UNICO,4,-,87
2016-12-24,UNICO,,-,84
2016-12-26,UNICO,81,-,32
2016-12-27,UNICO,37,-,69
2016-12-28,UNICO,5,-,26
2016-12-29,UNICO,61,-,94
2016-12-30,UNICO,14,-,92
2016-12-31,UNICO,,-,61
2017-01-02,UNICO,45,-,14
2017-01-03,UNICO,90,-,22
2017-01-04,UNICO,85,-,55
2017-01-05,UNICO,14,-,53
2017-01-06,UNICO,79,-,12
2017-01-07,UNICO,32,-,63
2017-01-08,UNICO,93,-,57
2017-01-09,UNICO,55,-,59
2017-01-10,UNICO,18,-,93
2017-01-11,UNICO,20,-,56
2017-01-12,UNICO,72,-,77
2017-01-13,UNICO,67,-,85
2017-01-14,UNICO,45,-,14
2017-01-15,UNICO,0,-,4
2017-01-16,UNICO,86,-,47
2017-01-17,UNICO,52,-,22
2017-01-18,UNICO,27,-,51
2017-01-19,UNICO,90,-,50
2017-01-20,UNICO,10,-,72
2017-01-21,UNICO,12,-,11
2017-01-22,UNICO,25,-,77
2017-01-23,UNICO,38,-,17
2017-01-24,UNICO,11,-,32
2017-01-25,UNICO,90,-,94
2017-01-26,UNICO,92,-,6
2017-01-27,UNICO,66,-,6
2017-01-28,UNICO,65,-,49
2017-01-29,UNICO,87,-,64
2017-01-30,UNICO,96,-,75
2017-01-31,UNICO,73,-,49
2017-02-01,UNICO,56,-,96
2017-02-02,UNICO,83,-,94
2017-02-03,UNICO,48,-,15
2017-02-04,UNICO,60,-,58
2017-02-05,UNICO,48,-,74
2017-02-06,UNICO,69,-,95
2017-02-07,UNICO,74,-,90
2017-02-08,UNICO,37,-,53
2017-02-09,UNICO,13,-,77
2017-02-10,UNICO,61,-,20
2017-02-11,UNICO,80,-,91
2017-02-12,UNICO,62,-,7
2017-02-13,UNICO,37,-,90
2017-02-14,UNICO,97,-,65
2017-02-15,UNICO,7,-,76
2017-02-16,UNICO,77,-,37
2017-02-17,UNICO,68,-,24
2017-02-18,UNICO,32,-,39
2017-02-19,UNICO,26,-,86
2017-02-20,UNICO,80,-,17
2017-02-21,UNICO,83,-,4
2017-02-22,UNICO,59,-,24
2017-02-23,UNICO,14,-,24
2017-02-24,UNICO,65,-,51
2017-02-25,UNICO,9,-,48
2017-02-26,UNICO,11,-,4
2017-02-27,UNICO,54,-,86
2017-02-28,UNICO,37,-,6
2017-03-01,UNICO,30,-,75
2017-03-02,UNICO,47,-,70
2017-03-03,UNICO,46,-,98
2017-03-04,UNICO,49,-,76
2017-03-05,UNICO,61,-,1
2017-03-06,UNICO,79,-,78
2017-03-07,UNICO,75,-,31
2017-03-08,UNICO,15,-,42
2017-03-09,UNICO,21,-,34
2017-03-10,UNICO,62,-,30
2017-03-11,UNICO,42,-,42
2017-03-12,UNICO,30,-,5
2017-03-13,UNICO,73,-,17
2017-03-14,UNICO,13,-,91
2017-03-15,UNICO,55,-,58
2017-03-16,UNICO,77,-,37
2017-03-17,UNICO,33,-,72
2017-03-18,UNICO,2,-,27
2017-03-19,UNICO,8,-,71
2017-03-20,UNICO,48,-,96
2017-03-21,UNICO,75,-,85
2017-03-22,UNICO,47,-,40
2017-03-23,UNICO,26,-,78
2017-03-24,UNICO,6,-,27
2017-03-25,UNICO,14,-,50
2017-03-26,UNICO,6,-,29
2017-03-27,UNICO,64,-,27
2017-03-28,UNICO,39,-,77
2017-03-29,UNICO,13,-,16
2017-03-30,UNICO,23,-,11
2017-03-31,UNICO,,-,39
2017-04-01,UNICO,1,-,20
2017-04-02,UNICO,31,-,11
2017-04-03,UNICO,96,-,86
2017-04-04,UNICO,14,-,1
2017-04-05,UNICO,3,-,96
2017-04-06,UNICO,22,-,80
2017-04-07,UNICO,92,-,79
2017-04-08,UNICO,69,-,64
2017-04-09,UNICO,90,-,51
2017-04-10,UNICO,92,-,77
2017-04-11,UNICO,98,-,49
2017-04-12,UNICO,49,-,3
2017-04-17,UNICO,16,-,10
2017-04-18,UNICO,2,-,32
2017-04-19,UNICO,23,-,34
2017-04-20,UNICO,5,-,83
2017-04-21,UNICO,43,-,2
2017-04-22,UNICO,28,-,95
2017-04-23,UNICO,77,-,46
2017-04-24,UNICO,3,-,68
2017-04-25,UNICO,49,-,82
2017-04-26,UNICO,96,-,73
2017-04-27,UNICO,58,-,70
2017-04-28,UNICO,47,-,66
2017-04-29,UNICO,29,-,50
2017-04-30,UNICO,41,-,18
2017-05-01,UNICO,56,-,22
2017-05-02,UNICO,97,-,91
2017-05-03,UNICO,14,-,97
2017-05-04,UNICO,27,-,50
2017-05-05,UNICO,55,-,25
2017-05-06,UNICO,54,-,28
2017-05-07,UNICO,91,-,20
2017-05-08,UNICO,70,-,99
2017-05-09,UNICO,75,-,4
2017-05-10,UNICO,65,-,89
2017-05-11,UNICO,57,-,35
2017-05-12,UNICO,37,-,95
2017-05-13,UNICO,46,-,94
2017-05-14,UNICO,53,-,73
2017-05-15,UNICO,28,-,57
2017-05-16,UNICO,51,-,50
2017-05-17,UNICO,24,-,26
2017-05-18,UNICO,96,-,36
2017-05-19,UNICO,15,-,20
2017-05-20,UNICO,6,-,69
2017-05-21,UNICO,80,-,5
2017-05-22,UNICO,46,-,63
2017-05-23,UNICO,33,-,72
2017-05-24,UNICO,30,-,21
2017-05-25,UNICO,24,-,63
2017-05-26,UNICO,7,-,78
2017-05-27,UNICO,91,-,58
2017-05-28,UNICO,73,-,36
2017-05-29,UNICO,32,-,78
2017-05-30,UNICO,45,-,47
2017-05-31,UNICO,51,-,36
2017-06-01,UNICO,32,-,85
2017-06-02,UNICO,32,-,88
2017-06-03,UNICO,94,-,86
2017-06-04,UNICO,8,-,61
2017-06-05,UNICO,49,-,6
2017-06-06,UNICO,31,-,7
2017-06-07,UNICO,53,-,12
2017-06-08,UNICO,93,-,28
2017-06-09,UNICO,7,-,67
2017-06-10,UNICO,26,-,74
2017-06-11,UNICO,82,-,52
2017-06-12,UNICO,52,-,29
2017-06-13,UNICO,12,-,11
2017-06-14,UNICO,29,-,76
2017-06-15,UNICO,74,-,11
2017-06-16,UNICO,24,-,36
2017-06-17,UNICO,38,-,48
2017-06-18,UNICO,54,-,56
2017-06-19,UNICO,22,-,16
2017-06-20,UNICO,47,-,78
2017-06-21,UNICO,17,-,58
2017-06-22,UNICO,15,-,66
2017-06-23,UNICO,27,-,42
2017-06-24,UNICO,73,-,18
2017-06-25,UNICO,81,-,81
2017-07-02,UNICO,,-,70
2017-07-03,UNICO,61,-,28
2017-07-04,UNICO,30,-,16
2017-07-05,UNICO,76,-,55
2017-07-06,UNICO,32,-,9
2017-07-07,UNICO,23,-,93
2017-07-08,UNICO,54,-,29
2017-07-09,UNICO,62,-,24
2017-07-10,UNICO,24,-,95
2017-07-11,UNICO,89,-,31
2017-07-12,UNICO,33,-,94
2017-07-13,UNICO,3,-,92
2017-07-14,UNICO,85,-,92
2017-07-15,UNICO,44,-,40
2017-07-16,UNICO,37,-,71
2017-07-17,UNICO,99,-,79
2017-07-18,UNICO,79,-,87
2017-07-19,UNICO,47,-,83
2017-07-20,UNICO,97,-,51
2017-07-21,UNICO,44,-,92
2017-07-22,UNICO,28,-,84
2017-07-23,UNICO,66,-,3
2017-07-24,UNICO,66,-,82
2017-07-25,UNICO,22,-,63
2017-07-26,UNICO,35,-,27
2017-07-27,UNICO,94,-,47
2017-07-28,UNICO,5,-,68
2017-07-29,UNICO,17,-,43
2017-07-30,UNICO,32,-,91
2017-07-31,UNICO,48,-,69
2017-08-01,UNICO,52,-,83
2017-08-02,UNICO,30,-,99
2017-08-03,UNICO,6,-,42
2017-08-04,UNICO,94,-,71
2017-08-05,UNICO,20,-,42
2017-08-06,UNICO,92,-,33
2017-08-07,UNICO,81,-,66
2017-08-08,UNICO,30,-,53
2017-08-09,UNICO,17,-,34
2017-08-10,UNICO,34,-,89
2017-08-11,UNICO,38,-,16
2017-08-12,UNICO,92,-,65
2017-08-13,UNICO,89,-,47
2017-08-14,UNICO,0,-,93
2017-08-16,UNICO,68,-,77
2017-08-17,UNICO,57,-,86
2017-08-18,UNICO,34,-,57
2017-08-19,UNICO,88,-,9
2017-08-20,UNICO,79,-,91
2017-08-21,UNICO,46,-,44
2017-08-22,UNICO,30,-,48
2017-08-23,UNICO,95,-,86
2017-08-24,UNICO,23,-,74
2017-08-25,UNICO,5,-,11
2017-08-26,UNICO,46,-,89
2017-08-27,UNICO,15,-,5
2017-08-28,UNICO,95,-,70
2017-08-29,UNICO,30,-,97
2017-08-30,UNICO,42,-,79
2017-08-31,UNICO,42,-,67
2017-10-01,UNICO,99,-,32
2017-10-02,UNICO,78,-,61
2017-10-03,UNICO,67,-,48
2017-10-04,UNICO,44,-,14
2017-10-05,UNICO,47,-,30
2017-10-06,UNICO,43,-,88
2017-10-07,UNICO,49,-,91
2017-10-08,UNICO,79,-,10
2017-10-09,UNICO,63,-,57
2017-10-10,UNICO,45,-,83
2017-10-11,UNICO,78,-,71
2017-10-12,UNICO,23,-,67
2017-10-13,UNICO,4,-,24
2017-10-14,UNICO,20,-,44
2017-10-15,UNICO,15,-,35
2017-10-16,UNICO,47,-,23
2017-10-17,UNICO,0,-,44
2017-10-18,UNICO,63,-,3
2017-10-19,UNICO,51,-,6
2017-10-20,UNICO,53,-,13
2017-10-21,UNICO,96,-,85
2017-10-22,UNICO,91,-,85
2017-10-23,UNICO,2,-,65
2017-10-24,UNICO,27,-,8
2017-10-25,UNICO,25,-,8
2017-10-26,UNICO,55,-,33
2017-10-27,UNICO,89,-,22
2017-10-28,UNICO,78,-,59
2017-10-29,UNICO,37,-,78
2017-10-30,UNICO,84,-,55
2017-10-31,UNICO,74,-,91
2017-11-01,UNICO,77,-,87
2017-11-02,UNICO,66,-,80
2017-11-03,UNICO,93,-,51
2017-11-04,UNICO,47,-,95
2017-11-05,UNICO,88,-,91
2017-11-06,UNICO,4,-,10
2017-11-07,UNICO,93,-,76
2017-11-08,UNICO,33,-,21
2017-11-09,UNICO,9,-,96
2017-11-10,UNICO,65,-,59
2017-11-11,UNICO,92,-,39
2017-11-12,UNICO,31,-,7
2017-11-13,UNICO,45,-,67
2017-11-14,UNICO,33,-,5
2017-11-15,UNICO,73,-,32
2017-11-16,UNICO,93,-,38
2017-11-17,UNICO,35,-,81
2017-11-18,UNICO,77,-,33
2017-11-19,UNICO,54,-,10
2017-11-20,UNICO,59,-,72
2017-11-21,UNICO,79,-,80
2017-11-22,UNICO,4,-,94
2017-11-23,UNICO,69,-,95
2017-11-24,UNICO,56,-,27
2017-11-25,UNICO,32,-,28
2017-11-26,UNICO,75,-,38
2017-11-27,UNICO,31,-,47
2017-11-28,UNICO,87,-,1
2017-11-29,UNICO,85,-,61
2017-11-30,UNICO,18,-,54
2017-12-01,UNICO,,-,19
2017-12-02,UNICO,18,-,30
2017-12-03,UNICO,22,-,12
2017-12-04,UNICO,28,-,97
2017-12-05,UNICO,36,-,95
2017-12-06,UNICO,98,-,93
2017-12-07,UNICO,82,-,37
2017-12-08,UNICO,77,-,35
2017-12-09,UNICO,13,-,38
2017-12-10,UNICO,4,-,76
2017-12-17,UNICO,,-,6
2017-12-18,UNICO,7,-,23
2017-12-19,UNICO,32,-,58
2017-12-20,UNICO,88,-,44
2017-12-21,UNICO,84,-,27
2017-12-22,UNICO,17,-,74
2017-12-23,UNICO,84,-,39
2017-12-24,UNICO,,-,46
2017-12-26,UNICO,44,-,99
2017-12-27,UNICO,67,-,60
2017-12-28,UNICO,94,-,52
2017-12-29,UNICO,58,-,51
2017-12-30,UNICO,82,-,89
2017-12-31,UNICO,,-,58
2018-01-02,UNICO,89,-,95
2018-01-03,UNICO,4,-,63
2018-01-04,UNICO,43,-,99
2018-01-05,UNICO,22,-,52
2018-01-06,UNICO,16,-,21
2018-01-07,UNICO,80,-,11
2018-01-08,UNICO,72,-,31
2018-01-09,UNICO,46,-,11
2018-01-10,UNICO,7,-,25
2018-01-11,UNICO,0,-,17
2018-01-12,UNICO,39,-,87
2018-01-13,UNICO,95,-,25
2018-01-14,UNICO,23,-,37
2018-01-15,UNICO,20,-,96
2018-01-16,UNICO,95,-,68
2018-01-17,UNICO,38,-,74
2018-01-18,UNICO,53,-,66
2018-01-19,UNICO,21,-,55
2018-01-20,UNICO,91,-,20
2018-01-21,UNICO,12,-,56
2018-01-22,UNICO,33,-,59
2018-01-23,UNICO,34,-,97
2018-01-24,UNICO,38,-,40
2018-01-25,UNICO,53,-,7
2018-01-26,UNICO,57,-,63
2018-01-27,UNICO,97,-,4
2018-01-28,UNICO,25,-,85
2018-01-29,UNICO,21,-,31
2018-01-30,UNICO,7,-,47
2018-01-31,UNICO,14,-,39
2018-02-01,UNICO,71,-,87
2018-02-02,UNICO,63,-,89
2018-02-03,UNICO,83,-,95
2018-02-05,UNICO,69,-,28
2018-02-06,UNICO,18,-,22
2018-02-07,UNICO,23,-,85
2018-02-08,UNICO,44,-,28
2018-02-09,UNICO,36,-,88
2018-02-10,UNICO,38,-,95
2018-02-11,UNICO,25,-,39
2018-02-12,UNICO,95,-,48
2018-02-13,UNICO,3,-,19
2018-02-14,UNICO,76,-,92
2018-02-15,UNICO,64,-,60
2018-02-16,UNICO,63,-,53
2018-02-17,UNICO,42,-,33
2018-02-18,UNICO,82,-,27
2018-02-19,UNICO,36,-,27
2018-02-20,UNICO,99,-,20
2018-02-21,UNICO,42,-,29
2018-02-22,UNICO,62,-,62
2018-02-23,UNICO,29,-,24
2018-02-24,UNICO,38,-,1
2018-02-25,UNICO,61,-,26
2018-02-26,UNICO,55,-,58
2018-02-27,UNICO,40,-,57
2018-02-28,UNICO,64,-,52
2018-03-01,UNICO,81,-,34
2018-03-02,UNICO,68,-,78
2018-03-03,UNICO,58,-,52
2018-03-04,UNICO,90,-,1
2018-03-05,UNICO,63,-,83
2018-03-06,UNICO,62,-,27
2018-03-07,UNICO,31,-,3
2018-03-08,UNICO,38,-,1
2018-03-09,UNICO,71,-,3
2018-03-10,UNICO,12,-,9
2018-03-11,UNICO,64,-,23
2018-03-12,UNICO,69,-,72
2018-03-13,UNICO,13,-,14
2018-03-14,UNICO,95,-,47
2018-03-15,UNICO,86,-,40
2018-03-16,UNICO,48,-,35
2018-03-17,UNICO,78,-,36
2018-03-18,UNICO,34,-,72
2018-03-19,UNICO,94,-,73
2018-03-20,UNICO,82,-,93
2018-03-21,UNICO,23,-,89
2018-03-22,UNICO,51,-,82
2018-03-23,UNICO,75,-,39
2018-03-24,UNICO,45,-,95
2018-03-25,UNICO,27,-,41
2018-03-26,UNICO,37,-,51
2018-03-27,UNICO,8,-,2
2018-03-28,UNICO,95,-,82
2018-04-02,UNICO,71,-,42
2018-04-03,UNICO,92,-,11
2018-04-04,UNICO,3,-,22
2018-04-05,UNICO,5,-,11
2018-04-06,UNICO,54,-,20
2018-04-07,UNICO,64,-,0
2018-04-08,UNICO,76,-,69
2018-04-09,UNICO,77,-,51
2018-04-10,UNICO,90,-,48
2018-04-11,UNICO,30,-,7
2018-04-12,UNICO,60,-,94
2018-04-13,UNICO,53,-,90
2018-04-14,UNICO,77,-,38
2018-04-15,UNICO,91,-,35
2018-04-16,UNICO,61,-,88
2018-04-17,UNICO,15,-,85
2018-04-18,UNICO,19,-,64
2018-04-19,UNICO,96,-,63
2018-04-20,UNICO,74,-,60
2018-04-21,UNICO,94,-,89
2018-04-22,UNICO,54,-,75
2018-04-23,UNICO,19,-,16
2018-04-24,UNICO,63,-,80
2018-04-25,UNICO,87,-,45
2018-04-26,UNICO,93,-,51
2018-04-27,UNICO,8,-,21
2018-04-28,UNICO,64,-,85
2018-04-29,UNICO,36,-,16
2018-04-30,UNICO,71,-,91
2018-05-01,UNICO,25,-,71
2018-05-02,UNICO,80,-,26
2018-05-03,UNICO,81,-,52
2018-05-04,UNICO,25,-,49
2018-05-05,UNICO,92,-,38
2018-05-06,UNICO,40,-,23
2018-05-07,UNICO,4,-,24
2018-05-08,UNICO,93,-,74
2018-05-09,UNICO,75,-,24
2018-05-10,UNICO,36,-,35
2018-05-11,UNICO,8,-,24
2018-05-12,UNICO,20,-,59
2018-05-13,UNICO,64,-,87
2018-05-14,UNICO,71,-,73
2018-05-15,UNICO,32,-,62
2018-05-16,UNICO,74,-,50
2018-05-17,UNICO,21,-,26
2018-05-18,UNICO,79,-,19
2018-05-19,UNICO,16,-,94
2018-05-20,UNICO,57,-,21
2018-05-21,UNICO,98,-,58
2018-05-22,UNICO,64,-,79
2018-05-23,UNICO,21,-,14
2018-05-24,UNICO,34,-,89
2018-05-25,UNICO,96,-,41
2018-05-26,UNICO,43,-,75
2018-05-27,UNICO,10,-,82
2018-05-28,UNICO,49,-,19
2018-05-29,UNICO,89,-,85
2018-05-30,UNICO,49,-,39
2018-05-31,UNICO,48,-,34
2018-06-01,UNICO,62,-,99
2018-06-02,UNICO,23,-,54
2018-06-03,UNICO,89,-,80
2018-06-04,UNICO,42,-,30
2018-06-05,UNICO,0,-,86
2018-06-06,UNICO,95,-,12
2018-06-07,UNICO,27,-,35
2018-06-08,UNICO,8,-,38
2018-06-09,UNICO,79,-,32
2018-06-10,UNICO,46,-,48
2018-06-11,UNICO,29,-,6
2018-06-12,UNICO,75,-,18
2018-06-13,UNICO,40,-,80
2018-06-14,UNICO,43,-,53
2018-06-15,UNICO,31,-,96
2018-06-16,UNICO,32,-,54
2018-06-17,UNICO,33,-,90
2018-06-18,UNICO,13,-,2
2018-06-19,UNICO,35,-,2
2018-06-20,UNICO,6,-,97
2018-06-21,UNICO,56,-,47
2018-06-22,UNICO,51,-,68
2018-06-23,UNICO,19,-,66
2018-06-24,UNICO,15,-,57
2018-07-01,UNICO,,-,43
2018-07-02,UNICO,44,-,34
2018-07-03,UNICO,87,-,51
2018-07-04,UNICO,18,-,46
2018-07-05,UNICO,80,-,14
2018-07-06,UNICO,74,-,82
2018-07-07,UNICO,23,-,79
2018-07-08,UNICO,55,-,80
2018-07-09,UNICO,57,-,35
2018-07-10,UNICO,36,-,16
2018-07-11,UNICO,14,-,47
2018-07-12,UNICO,45,-,39
2018-07-13,UNICO,7,-,79
2018-07-14,UNICO,72,-,35
2018-07-15,UNICO,19,-,33
2018-07-16,UNICO,77,-,70
2018-07-17,UNICO,68,-,60
2018-07-18,UNICO,40,-,36
2018-07-19,UNICO,79,-,83
2018-07-20,UNICO,98,-,24
2018-07-21,UNICO,30,-,34
2018-07-22,UNICO,85,-,89
2018-07-23,UNICO,54,-,56
2018-07-24,UNICO,37,-,98
2018-07-25,UNICO,34,-,11
2018-07-26,UNICO,11,-,88
2018-07-27,UNICO,6,-,35
2018-07-28,UNICO,26,-,90
2018-07-29,UNICO,58,-,14
2018-07-30,UNICO,45,-,84
2018-07-31,UNICO,65,-,96
2018-08-01,UNICO,59,-,94
2018-08-02,UNICO,84,-,26
2018-08-03,UNICO,44,-,80
2018-08-04,UNICO,54,-,83
2018-08-05,UNICO,59,-,99
2018-08-06,UNICO,31,-,36
2018-08-07,UNICO,33,-,79
2018-08-08,UNICO,96,-,1
2018-08-09,UNICO,78,-,85
2018-08-10,UNICO,15,-,62
2018-08-11,UNICO,73,-,51
2018-08-12,UNICO,41,-,17
2018-08-13,UNICO,94,-,66
2018-08-14,UNICO,96,-,64
2018-08-16,UNICO,59,-,65
2018-08-17,UNICO,15,-,67
2018-08-18,UNICO,86,-,19
2018-08-19,UNICO,48,-,97
2018-08-20,UNICO,68,-,55
2018-08-21,UNICO,11,-,45
2018-08-22,UNICO,28,-,99
2018-08-23,UNICO,90,-,40
2018-08-24,UNICO,56,-,5
2018-08-25,UNICO,61,-,3
2018-08-26,UNICO,5,-,18
2018-08-27,UNICO,51,-,32
2018-08-28,UNICO,83,-,28
2018-08-29,UNICO,75,-,87
2018-08-30,UNICO,67,-,61
2018-08-31,UNICO,78,-,24
2018-10-01,UNICO,60,-,57
2018-10-02,UNICO,44,-,61
2018-10-03,UNICO,50,-,16
2018-10-04,UNICO,28,-,46
2018-10-05,UNICO,38,-,57
2018-10-06,UNICO,77,-,81
2018-10-07,UNICO,65,-,6
2018-10-08,UNICO,80,-,68
2018-10-09,UNICO,82,-,23
2018-10-10,UNICO,71,-,61
2018-10-11,UNICO,8,-,88
2018-10-12,UNICO,41,-,26
2018-10-13,UNICO,85,-,12
2018-10-14,UNICO,97,-,49
2018-10-15,UNICO,81,-,62
2018-10-16,UNICO,89,-,48
2018-10-17,UNICO,11,-,26
2018-10-18,UNICO,26,-,88
2018-10-19,UNICO,43,-,
2018-10-20,UNICO,72,-,26
2018-10-21,UNICO,58,-,67
2018-10-22,UNICO,12,-,79
2018-10-23,UNICO,60,-,89
2018-10-24,UNICO,65,-,75
2018-10-25,UNICO,74,-,67
2018-10-26,UNICO,77,-,92
2018-10-27,UNICO,4,-,39
2018-10-28,UNICO,98,-,85
2018-10-29,UNICO,85,-,92
2018-10-30,UNICO,21,-,23
2018-10-31,UNICO,32,-,93
2018-11-01,UNICO,3,-,56
2018-11-02,UNICO,32,-,60
2018-11-03,UNICO,60,-,55
2018-11-04,UNICO,81,-,97
2018-11-05,UNICO,31,-,18
2018-11-06,UNICO,72,-,7
2018-11-07,UNICO,92,-,94
2018-11-08,UNICO,16,-,56
2018-11-09,UNICO,87,-,81
2018-11-10,UNICO,66,-,54
2019-01-02,MEDIODÍA,47,-,
2019-01-02,NOCHE,67,-,
2019-01-03,MEDIODÍA,86,-,
2019-01-03,NOCHE,80,-,
2019-01-04,MEDIODÍA,99,-,
2019-01-04,NOCHE,41,-,
2019-01-05,MEDIODÍA,60,-,
2019-01-05,NOCHE,36,-,
2019-01-06,MEDIODÍA,55,-,
2019-01-06,NOCHE,12,-,
2019-01-07,MEDIODÍA,38,-,
2019-01-07,NOCHE,12,-,
2019-01-08,MEDIODÍA,16,-,
2019-01-08,NOCHE,16,-,
2019-01-09,MEDIODÍA,17,-,
2019-01-09,NOCHE,34,-,
2019-01-10,MEDIODÍA,24,-,
2019-01-10,NOCHE,28,-,
2019-01-11,MEDIODÍA,20,-,
2019-01-11,NOCHE,18,-,
2019-01-12,MEDIODÍA,99,-,
2019-01-12,NOCHE,62,-,
2019-01-13,MEDIODÍA,94,-,
2019-01-13,NOCHE,71,-,
2019-01-14,MEDIODÍA,14,-,
2019-01-14,NOCHE,51,-,
2019-01-15,MEDIODÍA,95,-,
2019-01-15,NOCHE,34,-,
2019-01-16,MEDIODÍA,32,-,
2019-01-16,NOCHE,15,-,
2019-01-17,MEDIODÍA,64,-,
2019-01-17,NOCHE,46,-,
2019-01-18,MEDIODÍA,13,-,
2019-01-18,NOCHE,78,-,
2019-01-19,MEDIODÍA,94,-,
2019-01-19,NOCHE,18,-,
2019-01-20,MEDIODÍA,17,-,
2019-01-20,NOCHE,72,-,
2019-01-21,MEDIODÍA,46,-,
2019-01-21,NOCHE,47,-,
2019-01-22,MEDIODÍA,24,-,
2019-01-22,NOCHE,74,-,
2019-01-23,MEDIODÍA,88,-,
2019-01-23,NOCHE,55,-,
2019-01-24,MEDIODÍA,80,-,
2019-01-24,NOCHE,51,-,
2019-01-25,MEDIODÍA,58,-,
2019-01-25,NOCHE,38,-,
2019-01-26,MEDIODÍA,24,-,
2019-01-26,NOCHE,84,-,
2019-01-27,MEDIODÍA,84,-,
2019-01-27,NOCHE,91,-,
2019-01-28,MEDIODÍA,25,-,
2019-01-28,NOCHE,93,-,
2019-01-29,MEDIODÍA,42,-,
2019-01-29,NOCHE,40,-,
2019-01-30,MEDIODÍA,66,-,
2019-01-30,NOCHE,27,-,
2019-01-31,MEDIODÍA,86,-,
2019-01-31,NOCHE,92,-,
2019-02-01,MEDIODÍA,56,-,
2019-02-01,NOCHE,54,-,
2019-02-02,MEDIODÍA,52,-,
2019-02-02,NOCHE,44,-,
2019-02-03,MEDIODÍA,83,-,
2019-02-03,NOCHE,85,-,
2019-02-04,MEDIODÍA,95,-,
2019-02-04,NOCHE,94,-,
2019-02-05,MEDIODÍA,36,-,
2019-02-05,NOCHE,23,-,
2019-02-06,MEDIODÍA,34,-,
2019-02-06,NOCHE,75,-,
2019-02-07,MEDIODÍA,23,-,
2019-02-07,NOCHE,71,-,
2019-02-08,MEDIODÍA,38,-,
2019-02-08,NOCHE,53,-,
2019-02-09,MEDIODÍA,61,-,
2019-02-09,NOCHE,20,-,
2019-02-10,MEDIODÍA,37,-,
2019-02-10,NOCHE,15,-,
2019-02-11,MEDIODÍA,72,-,
2019-02-11,NOCHE,54,-,
2019-02-12,MEDIODÍA,79,-,
2019-02-12,NOCHE,65,-,
2019-02-13,MEDIODÍA,21,-,
2019-02-13,NOCHE,4,-,
2019-02-14,MEDIODÍA,26,-,
2019-02-14,NOCHE,23,-,
2019-02-15,MEDIODÍA,17,-,
2019-02-15,NOCHE,58,-,
2019-02-16,MEDIODÍA,84,-,
2019-02-16,NOCHE,72,-,
2019-02-17,MEDIODÍA,65,-,
2019-02-17,NOCHE,51,-,
2019-02-18,MEDIODÍA,99,-,
2019-02-18,NOCHE,67,-,
2019-02-19,MEDIODÍA,91,-,
2019-02-19,NOCHE,83,-,
2019-02-20,MEDIODÍA,4,-,
2019-02-20,NOCHE,88,-,
2019-02-21,MEDIODÍA,19,-,
2019-02-21,NOCHE,1,-,
2019-02-22,MEDIODÍA,8,-,
2019-02-22,NOCHE,30,-,
2019-02-23,MEDIODÍA,82,-,
2019-02-23,NOCHE,17,-,
2019-02-24,MEDIODÍA,86,-,
2019-02-24,NOCHE,78,-,
2019-02-25,MEDIODÍA,26,-,
2019-02-25,NOCHE,72,-,
2019-02-26,MEDIODÍA,66,-,
2019-02-26,NOCHE,92,-,
2019-02-27,MEDIODÍA,60,-,
2019-02-27,NOCHE,2,-,
2019-02-28,MEDIODÍA,74,-,
2019-02-28,NOCHE,81,-,
2019-03-01,MEDIODÍA,7,-,
2019-03-01,NOCHE,39,-,
2019-03-02,MEDIODÍA,38,-,
2019-03-02,NOCHE,52,-,
2019-03-03,MEDIODÍA,47,-,
2019-03-03,NOCHE,67,-,
2019-03-04,MEDIODÍA,11,-,
2019-03-04,NOCHE,82,-,
2019-03-05,MEDIODÍA,56,-,
2019-03-05,NOCHE,35,-,
2019-03-06,MEDIODÍA,93,-,
2019-03-06,NOCHE,86,-,
2019-03-07,MEDIODÍA,90,-,
2019-03-07,NOCHE,79,-,
2019-03-08,MEDIODÍA,36,-,
2019-03-08,NOCHE,5,-,
2019-03-09,MEDIODÍA,9,-,
2019-03-09,NOCHE,89,-,
2019-03-10,MEDIODÍA,10,-,
2019-03-10,NOCHE,83,-,
2019-03-11,MEDIODÍA,62,-,
2019-03-11,NOCHE,72,-,
2019-03-12,MEDIODÍA,61,-,
2019-03-12,NOCHE,81,-,
2019-03-13,MEDIODÍA,46,-,
2019-03-13,NOCHE,4,-,
2019-03-14,MEDIODÍA,37,-,
2019-03-14,NOCHE,11,-,
2019-03-15,MEDIODÍA,81,-,
2019-03-15,NOCHE,81,-,
2019-03-16,MEDIODÍA,32,-,
2019-03-16,NOCHE,78,-,
2019-03-17,MEDIODÍA,60,-,
2019-03-17,NOCHE,32,-,
2019-03-18,MEDIODÍA,50,-,
2019-03-18,NOCHE,67,-,
2019-03-19,MEDIODÍA,63,-,
2019-03-19,NOCHE,55,-,
2019-03-20,MEDIODÍA,59,-,
2019-03-20,NOCHE,97,-,
2019-03-21,MEDIODÍA,17,-,
2019-03-21,NOCHE,75,-,
2019-03-22,MEDIODÍA,6,-,
2019-03-22,NOCHE,75,-,
2019-03-23,MEDIODÍA,66,-,
2019-03-23,NOCHE,63,-,
2019-03-24,MEDIODÍA,57,-,
2019-03-24,NOCHE,9,-,
2019-03-25,MEDIODÍA,20,-,
2019-03-25,NOCHE,23,-,
2019-03-26,MEDIODÍA,47,-,
2019-03-26,NOCHE,68,-,
2019-03-27,MEDIODÍA,5,-,
2019-03-27,NOCHE,88,-,
2019-03-28,MEDIODÍA,55,-,
2019-03-28,NOCHE,46,-,
2019-03-29,MEDIODÍA,34,-,
2019-03-29,NOCHE,53,-,
2019-03-30,MEDIODÍA,40,-,
2019-03-30,NOCHE,25,-,
2019-03-31,MEDIODÍA,63,-,
2019-03-31,NOCHE,10,-,
2019-04-01,MEDIODÍA,8,-,
2019-04-01,NOCHE,27,-,
2019-04-02,MEDIODÍA,66,-,
2019-04-02,NOCHE,86,-,
2019-04-03,MEDIODÍA,29,-,
2019-04-03,NOCHE,23,-,
2019-04-04,MEDIODÍA,29,-,
2019-04-04,NOCHE,98,-,
2019-04-05,MEDIODÍA,73,-,
2019-04-05,NOCHE,72,-,
2019-04-06,MEDIODÍA,87,-,
2019-04-06,NOCHE,80,-,
2019-04-07,MEDIODÍA,89,-,
2019-04-07,NOCHE,31,-,
2019-04-08,MEDIODÍA,99,-,
2019-04-08,NOCHE,76,-,
2019-04-09,MEDIODÍA,83,-,
2019-04-09,NOCHE,83,-,
2019-04-10,MEDIODÍA,59,-,
2019-04-10,NOCHE,43,-,
2019-04-11,MEDIODÍA,47,-,
2019-04-11,NOCHE,96,-,
2019-04-12,MEDIODÍA,58,-,
2019-04-12,NOCHE,27,-,
2019-04-13,MEDIODÍA,35,-,
2019-04-13,NOCHE,32,-,
2019-04-14,MEDIODÍA,68,-,
2019-04-14,NOCHE,34,-,
2019-04-15,MEDIODÍA,89,-,
2019-04-15,NOCHE,92,-,
2019-04-16,MEDIODÍA,91,-,
2019-04-16,NOCHE,45,-,
2019-04-17,MEDIODÍA,16,-,
2019-04-17,NOCHE,12,-,
2019-04-22,MEDIODÍA,8,-,
2019-04-22,NOCHE,20,-,
2019-04-23,MEDIODÍA,5,-,
2019-04-23,NOCHE,51,-,
2019-04-24,MEDIODÍA,39,-,
2019-04-24,NOCHE,91,-,
2019-04-25,MEDIODÍA,70,-,
2019-04-25,NOCHE,51,-,
2019-04-26,MEDIODÍA,36,-,
2019-04-26,NOCHE,4,-,
2019-04-27,MEDIODÍA,75,-,
2019-04-27,NOCHE,72,-,
2019-04-28,MEDIODÍA,62,-,
2019-04-28,NOCHE,54,-,
2019-04-29,MEDIODÍA,57,-,
2019-04-29,NOCHE,56,-,
2019-04-30,MEDIODÍA,95,-,
2019-04-30,NOCHE,64,-,
2019-05-01,MEDIODÍA,29,-,
2019-05-01,NOCHE,81,-,
2019-05-02,MEDIODÍA,6,-,
2019-05-02,NOCHE,69,-,
2019-05-03,MEDIODÍA,14,-,
2019-05-03,NOCHE,88,-,
2019-05-04,MEDIODÍA,13,-,
2019-05-04,NOCHE,50,-,
2019-05-05,MEDIODÍA,1,-,
2019-05-05,NOCHE,64,-,
2019-05-06,MEDIODÍA,67,-,
2019-05-06,NOCHE,67,-,
2019-05-07,MEDIODÍA,67,-,
2019-05-07,NOCHE,48,-,
2019-05-08,MEDIODÍA,85,-,
2019-05-08,NOCHE,82,-,
2019-05-09,MEDIODÍA,79,-,
2019-05-09,NOCHE,26,-,
2019-05-10,MEDIODÍA,96,-,
2019-05-10,NOCHE,57,-,
2019-05-11,MEDIODÍA,82,-,
2019-05-11,NOCHE,35,-,
2019-05-12,MEDIODÍA,43,-,
2019-05-12,NOCHE,99,-,
2019-05-13,MEDIODÍA,42,-,
2019-05-13,NOCHE,4,-,
2019-05-14,MEDIODÍA,44,-,
2019-05-14,NOCHE,49,-,
2019-05-15,MEDIODÍA,48,-,
2019-05-15,NOCHE,96,-,
2019-05-16,MEDIODÍA,67,-,
2019-05-16,NOCHE,81,-,
2019-05-17,MEDIODÍA,48,-,
2019-05-17,NOCHE,95,-,
2019-05-18,MEDIODÍA,94,-,
2019-05-18,NOCHE,34,-,
2019-05-19,MEDIODÍA,52,-,
2019-05-19,NOCHE,21,-,
2019-05-20,MEDIODÍA,24,-,
2019-05-20,NOCHE,27,-,
2019-05-21,MEDIODÍA,88,-,
2019-05-21,NOCHE,12,-,
2019-05-22,MEDIODÍA,48,-,
2019-05-22,NOCHE,14,-,
2019-05-23,MEDIODÍA,57,-,
2019-05-23,NOCHE,57,-,
2019-05-24,MEDIODÍA,76,-,
2019-05-24,NOCHE,79,-,
2019-05-25,MEDIODÍA,56,-,
2019-05-25,NOCHE,96,-,
2019-05-26,MEDIODÍA,25,-,
2019-05-26,NOCHE,45,-,
2019-05-27,MEDIODÍA,13,-,
2019-05-27,NOCHE,66,-,
2019-05-28,MEDIODÍA,11,-,
2019-05-28,NOCHE,48,-,
2019-05-29,MEDIODÍA,93,-,
2019-05-29,NOCHE,46,-,
2019-05-30,MEDIODÍA,41,-,
2019-05-30,NOCHE,10,-,
2019-05-31,MEDIODÍA,22,-,
2019-05-31,NOCHE,3,-,
2019-06-01,MEDIODÍA,87,-,
2019-06-01,NOCHE,95,-,
2019-06-02,MEDIODÍA,57,-,
2019-06-02,NOCHE,82,-,
2019-06-03,MEDIODÍA,39,-,
2019-06-03,NOCHE,44,-,
2019-06-04,MEDIODÍA,67,-,
2019-06-04,NOCHE,83,-,
2019-06-05,MEDIODÍA,91,-,
2019-06-05,NOCHE,77,-,
2019-06-06,MEDIODÍA,21,-,
2019-06-06,NOCHE,93,-,
2019-06-07,MEDIODÍA,38,-,
2019-06-07,NOCHE,6,-,
2019-06-08,MEDIODÍA,26,-,
2019-06-08,NOCHE,43,-,
2019-06-09,MEDIODÍA,34,-,
2019-06-09,NOCHE,58,-,
2019-06-10,MEDIODÍA,53,-,
2019-06-10,NOCHE,0,-,
2019-06-11,MEDIODÍA,6,-,
2019-06-11,NOCHE,40,-,
2019-06-12,MEDIODÍA,16,-,
2019-06-12,NOCHE,85,-,
2019-06-13,MEDIODÍA,91,-,
2019-06-13,NOCHE,69,-,
2019-06-14,MEDIODÍA,74,-,
2019-06-14,NOCHE,46,-,
2019-06-15,MEDIODÍA,94,-,
2019-06-15,NOCHE,88,-,
2019-06-16,MEDIODÍA,74,-,
2019-06-16,NOCHE,35,-,
2019-06-17,MEDIODÍA,12,-,
2019-06-17,NOCHE,42,-,
2019-06-18,MEDIODÍA,25,-,
2019-06-18,NOCHE,58,-,
2019-06-19,MEDIODÍA,83,-,
2019-06-19,NOCHE,58,-,
2019-06-20,MEDIODÍA,61,-,
2019-06-20,NOCHE,13,-,
2019-06-21,MEDIODÍA,68,-,
2019-06-21,NOCHE,65,-,
2019-06-22,MEDIODÍA,95,-,
2019-06-22,NOCHE,36,-,
2019-06-23,MEDIODÍA,28,-,
2019-06-23,NOCHE,13,-,
2019-06-24,MEDIODÍA,56,-,
2019-06-24,NOCHE,22,-,
2019-06-25,MEDIODÍA,95,-,
2019-06-25,NOCHE,10,-,
2019-06-26,MEDIODÍA,61,-,
2019-06-26,NOCHE,1,-,
2019-06-27,MEDIODÍA,47,-,
2019-06-27,NOCHE,33,-,
2019-06-28,MEDIODÍA,69,-,
2019-06-28,NOCHE,32,-,
2019-06-29,MEDIODÍA,27,-,
2019-06-29,NOCHE,13,-,
2019-06-30,MEDIODÍA,46,-,
2019-06-30,NOCHE,95,-,
2019-07-07,TARDE,70,-,
2019-07-08,MEDIODÍA,98,-,
2019-07-08,NOCHE,34,-,
2019-07-09,MEDIODÍA,63,-,
2019-07-09,NOCHE,13,-,
2019-07-10,MEDIODÍA,32,-,
2019-07-10,NOCHE,2,-,
2019-07-11,MEDIODÍA,16,-,
2019-07-11,NOCHE,5,-,
2019-07-12,MEDIODÍA,82,-,
2019-07-12,NOCHE,4,-,
2019-07-13,MEDIODÍA,87,-,
2019-07-13,NOCHE,20,-,
2019-07-14,MEDIODÍA,71,-,
2019-07-14,NOCHE,30,-,
2019-07-15,MEDIODÍA,19,-,
2019-07-15,NOCHE,82,-,
2019-07-16,MEDIODÍA,83,-,
2019-07-16,NOCHE,41,-,
2019-07-17,MEDIODÍA,18,-,
2019-07-17,NOCHE,45,-,
2019-07-18,MEDIODÍA,66,-,
2019-07-18,NOCHE,75,-,
2019-07-19,TARDE,1,-,
2019-07-20,MEDIODÍA,32,-,
2019-07-20,NOCHE,38,-,
2019-07-21,MEDIODÍA,81,-,
2019-07-21,NOCHE,26,-,
2019-07-22,MEDIODÍA,27,-,
2019-07-22,NOCHE,70,-,
2019-07-23,MEDIODÍA,72,-,
2019-07-23,NOCHE,90,-,
2019-07-24,MEDIODÍA,65,-,
2019-07-24,NOCHE,98,-,
2019-07-25,MEDIODÍA,53,-,
2019-07-25,NOCHE,39,-,
2019-07-26,MEDIODÍA,48,-,
2019-07-26,NOCHE,78,-,
2019-07-27,MEDIODÍA,93,-,
2019-07-27,NOCHE,0,-,
2019-07-28,MEDIODÍA,1,-,
2019-07-28,NOCHE,42,-,
2019-07-29,MEDIODÍA,82,-,
2019-07-29,NOCHE,64,-,
2019-07-30,MEDIODÍA,16,-,
2019-07-30,NOCHE,61,-,
2019-07-31,MEDIODÍA,22,-,
2019-07-31,NOCHE,83,-,
2019-08-01,MEDIODÍA,39,-,
2019-08-01,NOCHE,10,-,
2019-08-02,MEDIODÍA,38,-,
2019-08-02,NOCHE,22,-,
2019-08-03,MEDIODÍA,76,-,
2019-08-03,NOCHE,20,-,
2019-08-04,MEDIODÍA,52,-,
2019-08-04,NOCHE,96,-,
2019-08-05,MEDIODÍA,68,-,
2019-08-05,NOCHE,74,-,
2019-08-06,MEDIODÍA,80,-,
2019-08-06,NOCHE,13,-,
2019-08-07,MEDIODÍA,96,-,
2019-08-07,NOCHE,20,-,
2019-08-08,MEDIODÍA,32,-,
2019-08-08,NOCHE,28,-,
2019-08-09,MEDIODÍA,76,-,
2019-08-09,NOCHE,84,-,
2019-08-10,MEDIODÍA,2,-,
2019-08-10,NOCHE,84,-,
2019-08-11,MEDIODÍA,34,-,
2019-08-11,NOCHE,66,-,
2019-08-12,MEDIODÍA,38,-,
2019-08-12,NOCHE,62,-,
2019-08-13,MEDIODÍA,4,-,
2019-08-13,NOCHE,93,-,
2019-08-14,MEDIODÍA,66,-,
2019-08-14,NOCHE,76,-,
2019-08-16,MEDIODÍA,33,-,
2019-08-16,NOCHE,58,-,
2019-08-17,MEDIODÍA,87,-,
2019-08-17,NOCHE,18,-,
2019-08-18,MEDIODÍA,30,-,
2019-08-18,NOCHE,33,-,
2019-08-19,MEDIODÍA,17,-,
2019-08-19,NOCHE,50,-,
2019-08-20,MEDIODÍA,5,-,
2019-08-20,NOCHE,59,-,
2019-08-21,MEDIODÍA,83,-,
2019-08-21,NOCHE,49,-,
2019-08-22,MEDIODÍA,67,-,
2019-08-22,NOCHE,1,-,
2019-08-23,MEDIODÍA,4,-,
2019-08-23,NOCHE,99,-,
2019-08-24,MEDIODÍA,3,-,
2019-08-24,NOCHE,50,-,
2019-08-25,MEDIODÍA,26,-,
2019-08-25,NOCHE,93,-,
2019-08-26,MEDIODÍA,11,-,
2019-08-26,NOCHE,3,-,
2019-08-27,MEDIODÍA,40,-,
2019-08-27,NOCHE,56,-,
2019-08-28,MEDIODÍA,72,-,
2019-08-28,NOCHE,73,-,
2019-08-29,MEDIODÍA,86,-,
2019-08-29,NOCHE,17,-,
2019-08-30,MEDIODÍA,57,-,
2019-08-30,NOCHE,80,-,
2019-08-31,MEDIODÍA,5,-,
2019-08-31,NOCHE,41,-,
2019-10-01,MEDIODÍA,80,-,
2019-10-01,NOCHE,33,-,
2019-10-02,MEDIODÍA,60,-,
2019-10-02,NOCHE,6,-,
2019-10-03,MEDIODÍA,90,-,
2019-10-03,NOCHE,60,-,
2019-10-04,MEDIODÍA,53,-,
2019-10-04,NOCHE,44,-,
2019-10-05,MEDIODÍA,82,-,
2019-10-05,NOCHE,92,-,
2019-10-06,MEDIODÍA,62,-,
2019-10-06,NOCHE,75,-,
2019-10-07,MEDIODÍA,99,-,
2019-10-07,NOCHE,98,-,
2019-10-08,MEDIODÍA,59,-,
2019-10-08,NOCHE,21,-,
2019-10-09,MEDIODÍA,17,-,
2019-10-09,NOCHE,24,-,
2019-10-10,MEDIODÍA,0,-,
2019-10-10,NOCHE,13,-,
2019-10-11,MEDIODÍA,69,-,
2019-10-11,NOCHE,53,-,
2019-10-12,MEDIODÍA,45,-,
2019-10-12,NOCHE,95,-,
2019-10-13,MEDIODÍA,76,-,
2019-10-13,NOCHE,92,-,
2019-10-14,MEDIODÍA,9,-,
2019-10-14,NOCHE,90,-,
2019-10-15,MEDIODÍA,48,-,
2019-10-15,NOCHE,52,-,
2019-10-16,MEDIODÍA,96,-,
2019-10-16,NOCHE,9,-,
2019-10-17,MEDIODÍA,90,-,
2019-10-17,NOCHE,45,-,
2019-10-18,MEDIODÍA,26,-,
2019-10-18,NOCHE,29,-,
2019-10-19,MEDIODÍA,50,-,
2019-10-19,NOCHE,71,-,
2019-10-20,MEDIODÍA,16,-,
2019-10-20,NOCHE,68,-,
2019-10-21,MEDIODÍA,88,-,
2019-10-21,NOCHE,14,-,
2019-10-22,MEDIODÍA,0,-,
2019-10-22,NOCHE,27,-,
2019-10-23,MEDIODÍA,95,-,
2019-10-23,NOCHE,64,-,
2019-10-24,MEDIODÍA,2,-,
2019-10-24,NOCHE,11,-,
2019-10-25,MEDIODÍA,36,-,
2019-10-25,NOCHE,62,-,
2019-10-26,MEDIODÍA,45,-,
2019-10-26,NOCHE,94,-,
2019-10-27,MEDIODÍA,92,-,
2019-10-27,NOCHE,4,-,
2019-10-28,MEDIODÍA,57,-,
2019-10-28,NOCHE,32,-,
2019-10-29,MEDIODÍA,4,-,
2019-10-29,NOCHE,17,-,
2019-10-30,MEDIODÍA,78,-,
2019-10-30,NOCHE,5,-,
2019-10-31,MEDIODÍA,7,-,
2019-10-31,NOCHE,13,-,
2019-11-01,NOCHE,27,-,
2019-11-02,MEDIODÍA,18,-,
2019-11-02,NOCHE,19,-,
2019-11-03,MEDIODÍA,87,-,
2019-11-03,NOCHE,83,-,
2019-11-04,MEDIODÍA,74,-,
2019-11-04,NOCHE,97,-,
2019-11-05,MEDIODÍA,12,-,
2019-11-05,NOCHE,54,-,
2019-11-06,MEDIODÍA,95,-,
2019-11-06,NOCHE,10,-,
2019-11-07,MEDIODÍA,41,-,
2019-11-07,NOCHE,31,-,
2019-11-08,MEDIODÍA,75,-,
2019-11-08,NOCHE,54,-,
2019-11-09,MEDIODÍA,91,-,
2019-11-09,NOCHE,34,-,
2019-11-10,MEDIODÍA,13,-,
2019-11-10,NOCHE,18,-,
2019-11-11,MEDIODÍA,39,-,
2019-11-11,NOCHE,27,-,
2019-11-12,MEDIODÍA,95,-,
2019-11-12,NOCHE,28,-,
2019-11-13,MEDIODÍA,94,-,
2019-11-13,NOCHE,96,-,
2019-11-14,MEDIODÍA,89,-,
2019-11-14,NOCHE,39,-,
2019-11-15,MEDIODÍA,91,-,
2019-11-15,NOCHE,37,-,
2019-11-16,MEDIODÍA,32,-,
2019-11-16,NOCHE,71,-,
2019-11-17,MEDIODÍA,3,-,
2019-11-17,NOCHE,40,-,
2019-11-18,MEDIODÍA,45,-,
2019-11-18,NOCHE,81,-,
2019-11-19,MEDIODÍA,77,-,
2019-11-19,NOCHE,79,-,
2019-11-20,MEDIODÍA,72,-,
2019-11-20,NOCHE,52,-,
2019-11-21,MEDIODÍA,28,-,
2019-11-21,NOCHE,32,-,
2019-11-22,MEDIODÍA,4,-,
2019-11-22,NOCHE,78,-,
2019-11-23,MEDIODÍA,35,-,
2019-11-23,NOCHE,34,-,
2019-11-24,MEDIODÍA,33,-,
2019-11-24,NOCHE,44,-,
2019-11-25,MEDIODÍA,73,-,
2019-11-25,NOCHE,65,-,
2019-11-26,MEDIODÍA,48,-,
2019-11-26,NOCHE,23,-,
2019-11-27,MEDIODÍA,78,-,
2019-11-27,NOCHE,44,-,
2019-11-28,MEDIODÍA,82,-,
2019-11-28,NOCHE,50,-,
2019-11-29,NOCHE,93,-,
2019-11-30,MEDIODÍA,60,-,
2019-11-30,NOCHE,64,-,
2019-12-01,MEDIODÍA,85,-,
2019-12-01,NOCHE,68,-,
2019-12-02,MEDIODÍA,25,-,
2019-12-02,NOCHE,4,-,
2019-12-03,MEDIODÍA,97,-,
2019-12-03,NOCHE,17,-,
2019-12-04,MEDIODÍA,99,-,
2019-12-04,NOCHE,27,-,
2019-12-05,MEDIODÍA,92,-,
2019-12-05,NOCHE,33,-,
2019-12-06,MEDIODÍA,97,-,
2019-12-06,NOCHE,91,-,
2019-12-07,MEDIODÍA,95,-,
2019-12-07,NOCHE,90,-,
2019-12-08,MEDIODÍA,1,-,
2019-12-08,NOCHE,48,-,
2019-12-09,MEDIODÍA,21,-,
2019-12-10,MEDIODÍA,5,-,
2019-12-11,MEDIODÍA,2,-,
2019-12-12,MEDIODÍA,57,-,
2019-12-13,MEDIODÍA,50,-,
2019-12-14,MEDIODÍA,27,-,
2019-12-15,MEDIODÍA,44,-,
2019-12-15,NOCHE,15,-,
2019-12-16,MEDIODÍA,28,-,
2019-12-16,NOCHE,34,-,
2019-12-17,MEDIODÍA,21,-,
2019-12-17,NOCHE,98,-,
2019-12-18,MEDIODÍA,89,-,
2019-12-18,NOCHE,74,-,
2019-12-19,MEDIODÍA,30,-,
2019-12-19,NOCHE,87,-,
2019-12-20,MEDIODÍA,50,-,
2019-12-20,NOCHE,9,-,
2019-12-21,MEDIODÍA,51,-,
2019-12-21,NOCHE,1,-,
2019-12-22,TARDE,61,-,
2019-12-23,MEDIODÍA,15,-,
2019-12-23,NOCHE,1,-,
2019-12-24,MEDIODÍA,69,-,
2019-12-24,NOCHE,46,-,
2019-12-26,MEDIODÍA,63,-,
2019-12-26,NOCHE,41,-,
2019-12-27,MEDIODÍA,53,-,
2019-12-27,NOCHE,88,-,
2019-12-28,MEDIODÍA,45,-,
2019-12-28,NOCHE,68,-,
2019-12-29,NOCHE,70,-,
2019-12-30,MEDIODÍA,1,-,
2019-12-30,NOCHE,81,-,
2019-12-31,MEDIODÍA,66,-,
2019-12-31,NOCHE,95,-,
2020-01-02,MEDIODÍA,15,-,
2020-01-02,NOCHE,50,-,
2020-01-03,MEDIODÍA,35,-,
2020-01-03,NOCHE,48,-,
2020-01-04,MEDIODÍA,52,-,
2020-01-04,NOCHE,56,-,
2020-01-05,MEDIODÍA,94,-,
2020-01-05,NOCHE,76,-,
2020-01-06,MEDIODÍA,13,-,
2020-01-06,NOCHE,34,-,
2020-01-07,MEDIODÍA,31,-,
2020-01-07,NOCHE,76,-,
2020-01-08,MEDIODÍA,51,-,
2020-01-08,NOCHE,87,-,
2020-01-09,MEDIODÍA,43,-,
2020-01-09,NOCHE,3,-,
2020-01-10,MEDIODÍA,54,-,
2020-01-10,NOCHE,72,-,
2020-01-11,MEDIODÍA,45,-,
2020-01-11,NOCHE,17,-,
2020-01-12,MEDIODÍA,80,-,
2020-01-12,NOCHE,4,-,
2020-01-13,MEDIODÍA,63,-,
2020-01-13,NOCHE,58,-,
2020-01-14,MEDIODÍA,91,-,
2020-01-14,NOCHE,80,-,
2020-01-15,MEDIODÍA,64,-,
2020-01-15,NOCHE,98,-,
2020-01-16,MEDIODÍA,34,-,
2020-01-16,NOCHE,50,-,
2020-01-17,MEDIODÍA,31,-,
2020-01-17,NOCHE,60,-,
2020-01-18,MEDIODÍA,8,-,
2020-01-18,NOCHE,38,-,
2020-01-19,MEDIODÍA,17,-,
2020-01-19,NOCHE,96,-,
2020-01-20,MEDIODÍA,0,-,
2020-01-20,NOCHE,90,-,
2020-01-21,MEDIODÍA,46,-,
2020-01-21,NOCHE,43,-,
2020-01-22,MEDIODÍA,86,-,
2020-01-22,NOCHE,6,-,
2020-01-23,MEDIODÍA,55,-,
2020-01-23,NOCHE,39,-,
2020-01-24,MEDIODÍA,40,-,
2020-01-24,NOCHE,61,-,
2020-01-25,MEDIODÍA,14,-,
2020-01-25,NOCHE,74,-,
2020-01-26,MEDIODÍA,35,-,
2020-01-26,NOCHE,69,-,
2020-01-27,MEDIODÍA,86,-,
2020-01-27,NOCHE,95,-,
2020-01-28,MEDIODÍA,4,-,
2020-01-28,NOCHE,53,-,
2020-01-29,MEDIODÍA,80,-,
2020-01-29,NOCHE,44,-,
2020-01-30,MEDIODÍA,34,-,
2020-01-30,NOCHE,38,-,
2020-01-31,MEDIODÍA,57,-,
2020-01-31,NOCHE,60,-,
2020-02-01,MEDIODÍA,1,-,
2020-02-01,NOCHE,0,-,
2020-02-02,MEDIODÍA,22,-,
2020-02-02,NOCHE,7,-,
2020-02-03,MEDIODÍA,84,-,
2020-02-03,NOCHE,54,-,
2020-02-04,MEDIODÍA,44,-,
2020-02-04,NOCHE,98,-,
2020-02-05,MEDIODÍA,84,-,
2020-02-05,NOCHE,1,-,
2020-02-06,MEDIODÍA,6,-,
2020-02-06,NOCHE,78,-,
2020-02-07,MEDIODÍA,13,-,
2020-02-07,NOCHE,39,-,
2020-02-08,MEDIODÍA,38,-,
2020-02-08,NOCHE,87,-,
2020-02-09,MEDIODÍA,8,-,
2020-02-09,NOCHE,51,-,
2020-02-10,MEDIODÍA,63,-,
2020-02-10,NOCHE,46,-,
2020-02-11,MEDIODÍA,73,-,
2020-02-11,NOCHE,41,-,
2020-02-12,MEDIODÍA,55,-,
2020-02-12,NOCHE,31,-,
2020-02-13,MEDIODÍA,82,-,
2020-02-13,NOCHE,94,-,
2020-02-14,MEDIODÍA,95,-,
2020-02-14,NOCHE,85,-,
2020-02-15,MEDIODÍA,59,-,
2020-02-15,NOCHE,57,-,
2020-02-16,MEDIODÍA,77,-,
2020-02-16,NOCHE,41,-,
2020-02-17,MEDIODÍA,96,-,
2020-02-17,NOCHE,24,-,
2020-02-18,MEDIODÍA,58,-,
2020-02-18,NOCHE,12,-,
2020-02-19,MEDIODÍA,22,-,
2020-02-19,NOCHE,68,-,
2020-02-20,MEDIODÍA,13,-,
2020-02-20,NOCHE,5,-,
2020-02-21,MEDIODÍA,41,-,
2020-02-21,NOCHE,91,-,
2020-02-22,MEDIODÍA,45,-,
2020-02-22,NOCHE,67,-,
2020-02-23,MEDIODÍA,3,-,
2020-02-23,NOCHE,33,-,
2020-02-24,MEDIODÍA,81,-,
2020-02-24,NOCHE,98,-,
2020-02-25,MEDIODÍA,76,-,
2020-02-25,NOCHE,2,-,
2020-02-26,MEDIODÍA,43,-,
2020-02-26,NOCHE,40,-,
2020-02-27,MEDIODÍA,18,-,
2020-02-27,NOCHE,50,-,
2020-02-28,MEDIODÍA,52,-,
2020-02-28,NOCHE,33,-,
2020-02-29,MEDIODÍA,61,-,
2020-02-29,NOCHE,76,-,
2020-03-01,MEDIODÍA,74,-,
2020-03-01,NOCHE,7,-,
2020-03-02,MEDIODÍA,55,-,
2020-03-02,NOCHE,3,-,
2020-03-03,MEDIODÍA,95,-,
2020-03-03,NOCHE,58,-,
2020-03-04,MEDIODÍA,95,-,
2020-03-04,NOCHE,15,-,
2020-03-05,MEDIODÍA,20,-,
2020-03-05,NOCHE,30,-,
2020-03-06,MEDIODÍA,37,-,
2020-03-06,NOCHE,19,-,
2020-03-07,MEDIODÍA,83,-,
2020-03-07,NOCHE,0,-,
2020-03-08,MEDIODÍA,57,-,
2020-03-08,NOCHE,10,-,
2020-03-09,MEDIODÍA,20,-,
2020-03-09,NOCHE,28,-,
2020-03-10,MEDIODÍA,21,-,
2020-03-10,NOCHE,76,-,
2020-03-11,MEDIODÍA,97,-,
2020-03-11,NOCHE,88,-,
2020-03-12,MEDIODÍA,35,-,
2020-03-12,NOCHE,43,-,
2020-03-13,MEDIODÍA,91,-,
2020-03-13,NOCHE,37,-,
2020-03-14,MEDIODÍA,99,-,
2020-03-14,NOCHE,4,-,
2020-03-15,MEDIODÍA,28,-,
2020-03-15,NOCHE,69,-,
2020-03-16,MEDIODÍA,37,-,
2020-03-16,NOCHE,12,-,
2020-03-17,MEDIODÍA,65,-,
2020-03-17,NOCHE,80,-,
2020-03-18,MEDIODÍA,96,-,
2020-03-18,NOCHE,16,-,
2020-03-19,MEDIODÍA,14,-,
2020-03-19,NOCHE,25,-,
2020-03-20,MEDIODÍA,29,-,
2020-03-20,NOCHE,77,-,
2020-03-21,MEDIODÍA,42,-,
2020-03-21,NOCHE,61,-,
2020-03-22,MEDIODÍA,76,-,
2020-03-22,NOCHE,9,-,
2020-03-23,MEDIODÍA,34,-,
2020-03-23,NOCHE,67,-,
2020-03-24,MEDIODÍA,45,-,
2020-03-24,NOCHE,62,-,
2020-03-25,MEDIODÍA,60,-,
2020-03-25,NOCHE,82,-,
2020-03-26,MEDIODÍA,56,-,
2020-03-26,NOCHE,6,-,
2020-03-27,MEDIODÍA,87,-,
2020-03-27,NOCHE,85,-,
2020-03-28,MEDIODÍA,3,-,
2020-03-28,NOCHE,24,-,
2020-03-29,MEDIODÍA,1,-,
2020-03-29,NOCHE,48,-,
2020-03-30,MEDIODÍA,52,-,
2020-03-30,NOCHE,69,-,
2020-03-31,MEDIODÍA,71,-,
2020-03-31,NOCHE,5,-,
2020-04-01,MEDIODÍA,44,-,
2020-04-01,NOCHE,68,-,
2020-04-02,MEDIODÍA,10,-,
2020-04-02,NOCHE,54,-,
2020-04-03,MEDIODÍA,43,-,
2020-04-03,NOCHE,77,-,
2020-04-04,MEDIODÍA,35,-,
2020-04-04,NOCHE,45,-,
2020-04-05,MEDIODÍA,36,-,
2020-04-05,NOCHE,68,-,
2020-04-06,MEDIODÍA,69,-,
2020-04-06,NOCHE,81,-,
2020-04-07,MEDIODÍA,66,-,
2020-04-07,NOCHE,57,-,
2020-04-08,MEDIODÍA,82,-,
2020-04-08,NOCHE,14,-,
2020-04-13,MEDIODÍA,10,-,
2020-04-13,NOCHE,93,-,
2020-04-14,MEDIODÍA,27,-,
2020-04-14,NOCHE,57,-,
2020-04-15,MEDIODÍA,16,-,
2020-04-15,NOCHE,12,-,
2020-04-16,MEDIODÍA,18,-,
2020-04-16,NOCHE,20,-,
2020-04-17,MEDIODÍA,58,-,
2020-04-17,NOCHE,18,-,
2020-04-18,MEDIODÍA,87,-,
2020-04-18,NOCHE,82,-,
2020-04-19,MEDIODÍA,27,-,
2020-04-19,NOCHE,79,-,
2020-04-20,MEDIODÍA,73,-,
2020-04-20,NOCHE,18,-,
2020-04-21,MEDIODÍA,53,-,
2020-04-21,NOCHE,20,-,
2020-04-22,MEDIODÍA,83,-,
2020-04-22,NOCHE,19,-,
2020-04-23,MEDIODÍA,65,-,
2020-04-23,NOCHE,32,-,
2020-04-24,MEDIODÍA,31,-,
2020-04-24,NOCHE,85,-,
2020-04-25,MEDIODÍA,40,-,
2020-04-25,NOCHE,89,-,
2020-04-26,MEDIODÍA,60,-,
2020-04-26,NOCHE,36,-,
2020-04-27,MEDIODÍA,65,-,
2020-04-27,NOCHE,7,-,
2020-04-28,MEDIODÍA,79,-,
2020-04-28,NOCHE,84,-,
2020-04-29,MEDIODÍA,9,-,
2020-04-29,NOCHE,25,-,
2020-04-30,MEDIODÍA,21,-,
2020-04-30,NOCHE,31,-,
2020-05-01,MEDIODÍA,11,-,
2020-05-01,NOCHE,45,-,
2020-05-02,MEDIODÍA,44,-,
2020-05-02,NOCHE,9,-,
2020-05-03,MEDIODÍA,64,-,
2020-05-03,NOCHE,7,-,
2020-05-04,MEDIODÍA,49,-,
2020-05-04,NOCHE,67,-,
2020-05-05,MEDIODÍA,13,-,
2020-05-05,NOCHE,0,-,
2020-05-06,MEDIODÍA,34,-,
2020-05-06,NOCHE,62,-,
2020-05-07,MEDIODÍA,71,-,
2020-05-07,NOCHE,21,-,
2020-05-08,MEDIODÍA,85,-,
2020-05-08,NOCHE,62,-,
2020-05-09,MEDIODÍA,41,-,
2020-05-09,NOCHE,8,-,
2020-05-10,MEDIODÍA,3,-,
2020-05-10,NOCHE,37,-,
2020-05-11,MEDIODÍA,60,-,
2020-05-11,NOCHE,22,-,
2020-05-12,MEDIODÍA,50,-,
2020-05-12,NOCHE,37,-,
2020-05-13,MEDIODÍA,91,-,
2020-05-13,NOCHE,76,-,
2020-05-14,MEDIODÍA,93,-,
2020-05-14,NOCHE,34,-,
2020-05-15,MEDIODÍA,53,-,
2020-05-15,NOCHE,50,-,
2020-05-16,MEDIODÍA,30,-,
2020-05-16,NOCHE,12,-,
2020-05-17,MEDIODÍA,57,-,
2020-05-17,NOCHE,25,-,
2020-05-18,MEDIODÍA,15,-,
2020-05-18,NOCHE,46,-,
2020-05-19,MEDIODÍA,57,-,
2020-05-19,NOCHE,83,-,
2020-05-20,MEDIODÍA,31,-,
2020-05-20,NOCHE,25,-,
2020-05-21,MEDIODÍA,15,-,
2020-05-21,NOCHE,7,-,
2020-05-22,MEDIODÍA,37,-,
2020-05-22,NOCHE,19,-,
2020-05-23,MEDIODÍA,14,-,
2020-05-23,NOCHE,93,-,
2020-05-24,MEDIODÍA,31,-,
2020-05-24,NOCHE,75,-,
2020-05-25,MEDIODÍA,80,-,
2020-05-25,NOCHE,69,-,
2020-05-26,MEDIODÍA,72,-,
2020-05-26,NOCHE,99,-,
2020-05-27,MEDIODÍA,87,-,
2020-05-27,NOCHE,77,-,
2020-05-28,MEDIODÍA,30,-,
2020-05-28,NOCHE,48,-,
2020-05-29,MEDIODÍA,95,-,
2020-05-29,NOCHE,36,-,
2020-05-30,MEDIODÍA,91,-,
2020-05-30,NOCHE,17,-,
2020-05-31,MEDIODÍA,70,-,
2020-05-31,NOCHE,17,-,
2020-06-01,MEDIODÍA,55,-,
2020-06-01,NOCHE,60,-,
2020-06-02,MEDIODÍA,3,-,
2020-06-02,NOCHE,28,-,
2020-06-03,MEDIODÍA,71,-,
2020-06-03,NOCHE,68,-,
2020-06-04,MEDIODÍA,96,-,
2020-06-04,NOCHE,53,-,
2020-06-05,MEDIODÍA,44,-,
2020-06-05,NOCHE,40,-,
2020-06-06,MEDIODÍA,72,-,
2020-06-06,NOCHE,10,-,
2020-06-07,MEDIODÍA,82,-,
2020-06-07,NOCHE,78,-,
2020-06-08,MEDIODÍA,20,-,
2020-06-08,NOCHE,22,-,
2020-06-09,MEDIODÍA,66,-,
2020-06-09,NOCHE,99,-,
2020-06-10,MEDIODÍA,30,-,
2020-06-10,NOCHE,53,-,
2020-06-11,MEDIODÍA,97,-,
2020-06-11,NOCHE,0,-,
2020-06-12,MEDIODÍA,0,-,
2020-06-12,NOCHE,5,-,
2020-06-13,MEDIODÍA,97,-,
2020-06-13,NOCHE,20,-,
2020-06-14,MEDIODÍA,81,-,
2020-06-14,NOCHE,11,-,
2020-06-15,MEDIODÍA,31,-,
2020-06-15,NOCHE,20,-,
2020-06-16,MEDIODÍA,39,-,
2020-06-16,NOCHE,21,-,
2020-06-17,MEDIODÍA,0,-,
2020-06-17,NOCHE,78,-,
2020-06-18,MEDIODÍA,71,-,
2020-06-18,NOCHE,6,-,
2020-06-19,MEDIODÍA,24,-,
2020-06-19,NOCHE,76,-,
2020-06-20,MEDIODÍA,31,-,
2020-06-20,NOCHE,11,-,
2020-06-21,MEDIODÍA,64,-,
2020-06-21,NOCHE,6,-,
2020-06-22,MEDIODÍA,56,-,
2020-06-22,NOCHE,22,-,
2020-06-23,MEDIODÍA,76,-,
2020-06-23,NOCHE,20,-,
2020-06-24,MEDIODÍA,43,-,
2020-06-24,NOCHE,62,-,
2020-06-25,MEDIODÍA,5,-,
2020-06-25,NOCHE,86,-,
2020-06-26,MEDIODÍA,68,-,
2020-06-26,NOCHE,19,-,
2020-06-27,MEDIODÍA,31,-,
2020-06-27,NOCHE,45,-,
2020-06-28,MEDIODÍA,31,-,
2020-06-28,NOCHE,56,-,
2020-06-29,MEDIODÍA,29,-,
2020-06-29,NOCHE,20,-,
2020-06-30,MEDIODÍA,9,-,
2020-06-30,NOCHE,49,-,
2020-07-01,MEDIODÍA,84,-,
2020-07-01,NOCHE,49,-,
2020-07-02,MEDIODÍA,59,-,
2020-07-02,NOCHE,43,-,
2020-07-03,MEDIODÍA,87,-,
2020-07-03,NOCHE,72,-,
2020-07-04,MEDIODÍA,23,-,
2020-07-04,NOCHE,89,-,
2020-07-05,MEDIODÍA,51,-,
2020-07-05,NOCHE,46,-,
2020-07-06,MEDIODÍA,5,-,
2020-07-06,NOCHE,42,-,
2020-07-07,MEDIODÍA,51,-,
2020-07-07,NOCHE,29,-,
2020-07-08,MEDIODÍA,60,-,
2020-07-08,NOCHE,4,-,
2020-07-09,MEDIODÍA,54,-,
2020-07-09,NOCHE,74,-,
2020-07-10,MEDIODÍA,15,-,
2020-07-10,NOCHE,84,-,
2020-07-11,MEDIODÍA,84,-,
2020-07-11,NOCHE,48,-,
2020-07-12,MEDIODÍA,40,-,
2020-07-12,NOCHE,68,-,
2020-07-13,MEDIODÍA,7,-,
2020-07-13,NOCHE,88,-,
2020-07-14,MEDIODÍA,81,-,
2020-07-14,NOCHE,99,-,
2020-07-15,MEDIODÍA,51,-,
2020-07-15,NOCHE,14,-,
2020-07-16,MEDIODÍA,0,-,
2020-07-16,NOCHE,89,-,
2020-07-17,MEDIODÍA,94,-,
2020-07-17,NOCHE,20,-,
2020-07-18,MEDIODÍA,24,-,
2020-07-18,NOCHE,43,-,
2020-07-19,MEDIODÍA,31,-,
2020-07-19,NOCHE,48,-,
2020-07-20,MEDIODÍA,44,-,
2020-07-20,NOCHE,75,-,
2020-07-21,MEDIODÍA,89,-,
2020-07-21,NOCHE,73,-,
2020-07-22,MEDIODÍA,51,-,
2020-07-22,NOCHE,35,-,
2020-07-23,MEDIODÍA,91,-,
2020-07-23,NOCHE,4,-,
2020-07-24,MEDIODÍA,86,-,
2020-07-24,NOCHE,65,-,
2020-07-25,MEDIODÍA,73,-,
2020-07-25,NOCHE,57,-,
2020-07-26,MEDIODÍA,59,-,
2020-07-26,NOCHE,91,-,
2020-07-27,MEDIODÍA,7,-,
2020-07-27,NOCHE,59,-,
2020-07-28,MEDIODÍA,90,-,
2020-07-28,NOCHE,3,-,
2020-07-29,MEDIODÍA,24,-,
2020-07-29,NOCHE,77,-,
2020-07-30,MEDIODÍA,56,-,
2020-07-30,NOCHE,95,-,
2020-07-31,MEDIODÍA,18,-,
2020-07-31,NOCHE,77,-,
2020-08-01,MEDIODÍA,83,-,
2020-08-01,NOCHE,35,-,
2020-08-02,MEDIODÍA,40,-,
2020-08-02,NOCHE,23,-,
2020-08-03,MEDIODÍA,79,-,
2020-08-03,NOCHE,78,-,
2020-08-04,MEDIODÍA,8,-,
2020-08-04,NOCHE,14,-,
2020-08-05,MEDIODÍA,28,-,
2020-08-05,NOCHE,88,-,
2020-08-06,MEDIODÍA,88,-,
2020-08-06,NOCHE,67,-,
2020-08-07,MEDIODÍA,90,-,
2020-08-07,NOCHE,99,-,
2020-08-08,MEDIODÍA,78,-,
2020-08-08,NOCHE,30,-,
2020-08-09,MEDIODÍA,16,-,
2020-08-09,NOCHE,4,-,
2020-08-10,MEDIODÍA,22,-,
2020-08-10,NOCHE,71,-,
2020-08-11,MEDIODÍA,1,-,
2020-08-11,NOCHE,44,-,
2020-08-12,MEDIODÍA,22,-,
2020-08-12,NOCHE,29,-,
2020-08-13,MEDIODÍA,48,-,
2020-08-13,NOCHE,35,-,
2020-08-14,MEDIODÍA,49,-,
2020-08-14,NOCHE,36,-,
2020-08-16,MEDIODÍA,98,-,
2020-08-16,NOCHE,1,-,
2020-08-17,MEDIODÍA,41,-,
2020-08-17,NOCHE,48,-,
2020-08-18,MEDIODÍA,33,-,
2020-08-18,NOCHE,52,-,
2020-08-19,MEDIODÍA,15,-,
2020-08-19,NOCHE,29,-,
2020-08-20,MEDIODÍA,70,-,
2020-08-20,NOCHE,29,-,
2020-08-21,MEDIODÍA,21,-,
2020-08-21,NOCHE,62,-,
2020-08-22,MEDIODÍA,83,-,
2020-08-22,NOCHE,3,-,
2020-08-23,MEDIODÍA,58,-,
2020-08-23,NOCHE,26,-,
2020-08-24,MEDIODÍA,71,-,
2020-08-24,NOCHE,11,-,
2020-08-25,MEDIODÍA,21,-,
2020-08-25,NOCHE,36,-,
2020-08-26,MEDIODÍA,86,-,
2020-08-26,NOCHE,71,-,
2020-08-27,MEDIODÍA,44,-,
2020-08-27,NOCHE,22,-,
2020-08-28,MEDIODÍA,16,-,
2020-08-28,NOCHE,89,-,
2020-08-29,MEDIODÍA,93,-,
2020-08-29,NOCHE,58,-,
2020-08-30,MEDIODÍA,75,-,
2020-08-30,NOCHE,29,-,
2020-08-31,MEDIODÍA,74,-,
2020-08-31,NOCHE,59,-,
2020-10-01,MEDIODÍA,12,-,
2020-10-01,NOCHE,91,-,
2020-10-02,MEDIODÍA,32,-,
2020-10-02,NOCHE,44,-,
2020-10-03,MEDIODÍA,67,-,
2020-10-03,NOCHE,85,-,
2020-10-04,MEDIODÍA,33,-,
2020-10-04,NOCHE,86,-,
2020-10-05,MEDIODÍA,42,-,
2020-10-05,NOCHE,15,-,
2020-10-06,MEDIODÍA,90,-,
2020-10-06,NOCHE,22,-,
2020-10-07,MEDIODÍA,37,-,
2020-10-07,NOCHE,65,-,
2020-10-08,MEDIODÍA,54,-,
2020-10-08,NOCHE,30,-,
2020-10-09,MEDIODÍA,24,-,
2020-10-09,NOCHE,68,-,
2020-10-10,MEDIODÍA,69,-,
2020-10-10,NOCHE,8,-,
2020-10-11,MEDIODÍA,69,-,
2020-10-11,NOCHE,12,-,
2020-10-12,MEDIODÍA,7,-,
2020-10-12,NOCHE,56,-,
2020-10-13,MEDIODÍA,94,-,
2020-10-13,NOCHE,60,-,
2020-10-14,MEDIODÍA,70,-,
2020-10-14,NOCHE,81,-,
2020-10-15,MEDIODÍA,60,-,
2020-10-15,NOCHE,31,-,
2020-10-16,MEDIODÍA,52,-,
2020-10-16,NOCHE,44,-,
2020-10-17,MEDIODÍA,2,-,
2020-10-17,NOCHE,49,-,
2020-10-18,MEDIODÍA,38,-,
2020-10-18,NOCHE,45,-,
2020-10-19,MEDIODÍA,73,-,
2020-10-19,NOCHE,49,-,
2020-10-20,MEDIODÍA,80,-,
2020-10-20,NOCHE,10,-,
2020-10-21,MEDIODÍA,73,-,
2020-10-21,NOCHE,49,-,
2020-10-22,MEDIODÍA,37,-,
2020-10-22,NOCHE,59,-,
2020-10-23,MEDIODÍA,63,-,
2020-10-23,NOCHE,43,-,
2020-10-24,MEDIODÍA,20,-,
2020-10-24,NOCHE,39,-,
2020-10-25,MEDIODÍA,42,-,
2020-10-25,NOCHE,89,-,
2020-10-26,MEDIODÍA,24,-,
2020-10-26,NOCHE,57,-,
2020-10-27,MEDIODÍA,19,-,
2020-10-27,NOCHE,21,-,
2020-10-28,MEDIODÍA,3,-,
2020-10-28,NOCHE,12,-,
2020-10-29,MEDIODÍA,29,-,
2020-10-29,NOCHE,63,-,
2020-10-30,MEDIODÍA,72,-,
2020-10-30,NOCHE,11,-,
2020-10-31,MEDIODÍA,73,-,
2020-10-31,NOCHE,0,-,
2020-11-01,MEDIODÍA,11,-,
2020-11-01,NOCHE,15,-,
2020-11-02,MEDIODÍA,97,-,
2020-11-02,NOCHE,51,-,
2020-11-03,MEDIODÍA,60,-,
2020-11-03,NOCHE,70,-,
2020-11-04,MEDIODÍA,3,-,
2020-11-04,NOCHE,87,-,
2020-11-05,MEDIODÍA,61,-,
2020-11-05,NOCHE,60,-,
2020-11-06,MEDIODÍA,30,-,
2020-11-06,NOCHE,80,-,
2020-11-07,MEDIODÍA,82,-,
2020-11-07,NOCHE,37,-,
2020-11-08,MEDIODÍA,77,-,
2020-11-08,NOCHE,29,-,
2020-11-09,MEDIODÍA,16,-,
2020-11-09,NOCHE,53,-,
2020-11-10,MEDIODÍA,26,-,
2020-11-10,NOCHE,47,-,
2020-11-11,MEDIODÍA,89,-,
2020-11-11,NOCHE,52,-,
2020-11-12,MEDIODÍA,8,-,
2020-11-12,NOCHE,60,-,
2020-11-13,MEDIODÍA,75,-,
2020-11-13,NOCHE,0,-,
2020-11-14,MEDIODÍA,62,-,
2020-11-14,NOCHE,88,-,
2020-11-15,MEDIODÍA,65,-,
2020-11-15,NOCHE,44,-,
2020-11-16,MEDIODÍA,32,-,
2020-11-16,NOCHE,5,-,
2020-11-17,MEDIODÍA,23,-,
2020-11-17,NOCHE,37,-,
2020-11-18,MEDIODÍA,32,-,
2020-11-18,NOCHE,55,-,
2020-11-19,MEDIODÍA,49,-,
2020-11-19,NOCHE,33,-,
2020-11-20,MEDIODÍA,78,-,
2020-11-20,NOCHE,67,-,
2020-11-21,MEDIODÍA,29,-,
2020-11-21,NOCHE,24,-,
2020-11-22,MEDIODÍA,84,-,
2020-11-22,NOCHE,47,-,
2020-11-23,MEDIODÍA,48,-,
2020-11-23,NOCHE,20,-,
2020-11-24,MEDIODÍA,81,-,
2020-11-24,NOCHE,21,-,
2020-11-25,MEDIODÍA,98,-,
2020-11-25,NOCHE,59,-,
2020-11-26,MEDIODÍA,54,-,
2020-11-26,NOCHE,41,-,
2020-11-27,MEDIODÍA,67,-,
2020-11-27,NOCHE,48,-,
2020-11-28,MEDIODÍA,18,-,
2020-11-28,NOCHE,62,-,
2020-11-29,MEDIODÍA,82,-,
2020-11-29,NOCHE,24,-,
2020-11-30,MEDIODÍA,10,-,
2020-11-30,NOCHE,84,-,
2020-12-01,MEDIODÍA,2,-,
2020-12-01,NOCHE,71,-,
2020-12-02,MEDIODÍA,77,-,
2020-12-02,NOCHE,90,-,
2020-12-03,MEDIODÍA,81,-,
2020-12-03,NOCHE,69,-,
2020-12-04,MEDIODÍA,78,-,
2020-12-04,NOCHE,68,-,
2020-12-05,MEDIODÍA,71,-,
2020-12-05,NOCHE,98,-,
2020-12-06,MEDIODÍA,85,-,
2020-12-06,NOCHE,63,-,
2020-12-07,MEDIODÍA,41,-,
2020-12-07,NOCHE,73,-,
2020-12-08,MEDIODÍA,6,-,
2020-12-08,NOCHE,1,-,
2020-12-09,MEDIODÍA,31,-,
2020-12-09,NOCHE,79,-,
2020-12-10,MEDIODÍA,44,-,
2020-12-10,NOCHE,0,-,
2020-12-11,MEDIODÍA,99,-,
2020-12-11,NOCHE,32,-,
2020-12-12,MEDIODÍA,87,-,
2020-12-12,NOCHE,53,-,
2020-12-13,MEDIODÍA,12,-,
2020-12-13,NOCHE,66,-,
2020-12-14,MEDIODÍA,86,-,
2020-12-14,NOCHE,49,-,
2020-12-15,MEDIODÍA,36,-,
2020-12-15,NOCHE,88,-,
2020-12-16,MEDIODÍA,95,-,
2020-12-16,NOCHE,81,-,
2020-12-17,MEDIODÍA,79,-,
2020-12-17,NOCHE,36,-,
2020-12-18,MEDIODÍA,39,-,
2020-12-18,NOCHE,45,-,
2020-12-19,MEDIODÍA,84,-,
2020-12-19,NOCHE,7,-,
2020-12-20,MEDIODÍA,64,-,
2020-12-20,NOCHE,46,-,
2020-12-21,MEDIODÍA,56,-,
2020-12-21,NOCHE,58,-,
2020-12-22,MEDIODÍA,85,-,
2020-12-22,NOCHE,77,-,
2020-12-23,MEDIODÍA,39,-,
2020-12-23,NOCHE,66,-,
2020-12-24,MEDIODÍA,47,-,
2020-12-24,NOCHE,97,-,
2020-12-26,MEDIODÍA,73,-,
2020-12-26,NOCHE,98,-,
2020-12-27,MEDIODÍA,14,-,
2020-12-27,NOCHE,75,-,
2020-12-28,MEDIODÍA,48,-,
2020-12-28,NOCHE,55,-,
2020-12-29,MEDIODÍA,59,-,
2020-12-29,NOCHE,89,-,
2020-12-30,MEDIODÍA,49,-,
2020-12-30,NOCHE,18,-,
2020-12-31,MEDIODÍA,90,-,
2020-12-31,NOCHE,25,-,
2021-01-02,MEDIODÍA,75,-,
2021-01-02,NOCHE,97,-,
2021-01-03,MEDIODÍA,60,-,
2021-01-03,NOCHE,51,-,
2021-01-04,MEDIODÍA,97,-,
2021-01-04,NOCHE,20,-,
2021-01-05,MEDIODÍA,77,-,
2021-01-05,NOCHE,72,-,
2021-01-06,MEDIODÍA,84,-,
2021-01-06,NOCHE,99,-,
2021-01-07,MEDIODÍA,71,-,
2021-01-07,NOCHE,40,-,
2021-01-08,MEDIODÍA,59,-,
2021-01-08,NOCHE,27,-,
2021-01-09,MEDIODÍA,85,-,
2021-01-09,NOCHE,1,-,
2021-01-10,MEDIODÍA,9,-,
2021-01-10,NOCHE,77,-,
2021-01-11,MEDIODÍA,5,-,
2021-01-11,NOCHE,22,-,
2021-01-12,MEDIODÍA,34,-,
2021-01-12,NOCHE,99,-,
2021-01-13,MEDIODÍA,90,-,
2021-01-13,NOCHE,41,-,
2021-01-14,MEDIODÍA,88,-,
2021-01-14,NOCHE,52,-,
2021-01-15,MEDIODÍA,53,-,
2021-01-15,NOCHE,18,-,
2021-01-16,MEDIODÍA,83,-,
2021-01-16,NOCHE,69,-,
2021-01-17,MEDIODÍA,19,-,
2021-01-17,NOCHE,80,-,
2021-01-18,MEDIODÍA,9,-,
2021-01-18,NOCHE,48,-,
2021-01-19,MEDIODÍA,84,-,
2021-01-19,NOCHE,85,-,
2021-01-20,MEDIODÍA,41,-,
2021-01-20,NOCHE,65,-,
2021-01-21,MEDIODÍA,52,-,
2021-01-21,NOCHE,76,-,
2021-01-22,MEDIODÍA,19,-,
2021-01-22,NOCHE,33,-,
2021-01-23,MEDIODÍA,18,-,
2021-01-23,NOCHE,49,-,
2021-01-24,MEDIODÍA,87,-,
2021-01-24,NOCHE,97,-,
2021-01-25,MEDIODÍA,91,-,
2021-01-25,NOCHE,32,-,
2021-01-26,MEDIODÍA,88,-,
2021-01-26,NOCHE,1,-,
2021-01-27,MEDIODÍA,7,-,
2021-01-27,NOCHE,91,-,
2021-01-28,MEDIODÍA,12,-,
2021-01-28,NOCHE,91,-,
2021-01-29,MEDIODÍA,43,-,
2021-01-29,NOCHE,51,-,
2021-01-30,MEDIODÍA,92,-,
2021-01-30,NOCHE,76,-,
2021-01-31,MEDIODÍA,62,-,
2021-01-31,NOCHE,2,-,
2021-02-01,MEDIODÍA,37,-,
2021-02-01,NOCHE,55,-,
2021-02-02,MEDIODÍA,21,-,
2021-02-02,NOCHE,44,-,
2021-02-03,MEDIODÍA,10,-,
2021-02-03,NOCHE,59,-,
2021-02-04,MEDIODÍA,49,-,
2021-02-04,NOCHE,58,-,
2021-02-05,MEDIODÍA,53,-,
2021-02-05,NOCHE,37,-,
2021-02-06,MEDIODÍA,20,-,
2021-02-06,NOCHE,60,-,
2021-02-07,MEDIODÍA,73,-,
2021-02-07,NOCHE,48,-,
2021-02-08,MEDIODÍA,48,-,
2021-02-08,NOCHE,42,-,
2021-02-09,MEDIODÍA,66,-,
2021-02-09,NOCHE,3,-,
2021-02-10,MEDIODÍA,97,-,
2021-02-10,NOCHE,47,-,
2021-02-11,MEDIODÍA,63,-,
2021-02-11,NOCHE,57,-,
2021-02-12,MEDIODÍA,83,-,
2021-02-12,NOCHE,27,-,
2021-02-13,MEDIODÍA,79,-,
2021-02-13,NOCHE,7,-,
2021-02-14,MEDIODÍA,75,-,
2021-02-14,NOCHE,78,-,
2021-02-15,MEDIODÍA,54,-,
2021-02-15,NOCHE,31,-,
2021-02-16,MEDIODÍA,20,-,
2021-02-16,NOCHE,7,-,
2021-02-17,MEDIODÍA,87,-,
2021-02-17,NOCHE,4,-,
2021-02-18,MEDIODÍA,10,-,
2021-02-18,NOCHE,86,-,
2021-02-19,MEDIODÍA,43,-,
2021-02-19,NOCHE,71,-,
2021-02-20,MEDIODÍA,68,-,
2021-02-20,NOCHE,16,-,
2021-02-21,MEDIODÍA,70,-,
2021-02-21,NOCHE,17,-,
2021-02-22,MEDIODÍA,44,-,
2021-02-22,NOCHE,90,-,
2021-02-23,MEDIODÍA,4,-,
2021-02-23,NOCHE,57,-,
2021-02-24,MEDIODÍA,14,-,
2021-02-24,NOCHE,52,-,
2021-02-25,MEDIODÍA,4,-,
2021-02-25,NOCHE,46,-,
2021-02-26,MEDIODÍA,14,-,
2021-02-26,NOCHE,59,-,
2021-02-27,MEDIODÍA,74,-,
2021-02-27,NOCHE,89,-,
2021-02-28,MEDIODÍA,39,-,
2021-02-28,NOCHE,42,-,
2021-03-01,MEDIODÍA,17,-,
2021-03-01,NOCHE,36,-,
2021-03-02,MEDIODÍA,60,-,
2021-03-02,NOCHE,14,-,
2021-03-03,MEDIODÍA,97,-,
2021-03-03,NOCHE,56,-,
2021-03-04,MEDIODÍA,3,-,
2021-03-04,NOCHE,63,-,
2021-03-05,MEDIODÍA,89,-,
2021-03-05,NOCHE,41,-,
2021-03-06,MEDIODÍA,43,-,
2021-03-06,NOCHE,94,-,
2021-03-07,MEDIODÍA,75,-,
2021-03-07,NOCHE,25,-,
2021-03-08,MEDIODÍA,12,-,
2021-03-08,NOCHE,39,-,
2021-03-09,MEDIODÍA,28,-,
2021-03-09,NOCHE,79,-,
2021-03-10,MEDIODÍA,96,-,
2021-03-10,NOCHE,95,-,
2021-03-11,MEDIODÍA,41,-,
2021-03-11,NOCHE,39,-,
2021-03-12,MEDIODÍA,95,-,
2021-03-12,NOCHE,11,-,
2021-03-13,MEDIODÍA,33,-,
2021-03-13,NOCHE,37,-,
2021-03-14,MEDIODÍA,68,-,
2021-03-14,NOCHE,35,-,
2021-03-15,MEDIODÍA,92,-,
2021-03-15,NOCHE,19,-,
2021-03-16,MEDIODÍA,3,-,
2021-03-16,NOCHE,53,-,
2021-03-17,MEDIODÍA,39,-,
2021-03-17,NOCHE,16,-,
2021-03-18,MEDIODÍA,8,-,
2021-03-18,NOCHE,20,-,
2021-03-19,MEDIODÍA,40,-,
2021-03-19,NOCHE,96,-,
2021-03-20,MEDIODÍA,4,-,
2021-03-20,NOCHE,25,-,
2021-03-21,MEDIODÍA,64,-,
2021-03-21,NOCHE,51,-,
2021-03-22,MEDIODÍA,20,-,
2021-03-22,NOCHE,61,-,
2021-03-23,MEDIODÍA,43,-,
2021-03-23,NOCHE,43,-,
2021-03-24,MEDIODÍA,6,-,
2021-03-24,NOCHE,10,-,
2021-03-25,MEDIODÍA,77,-,
2021-03-25,NOCHE,53,-,
2021-03-26,MEDIODÍA,69,-,
2021-03-26,NOCHE,33,-,
2021-03-27,MEDIODÍA,15,-,
2021-03-27,NOCHE,25,-,
2021-03-28,MEDIODÍA,31,-,
2021-03-28,NOCHE,89,-,
2021-03-29,MEDIODÍA,79,-,
2021-03-29,NOCHE,16,-,
2021-03-30,MEDIODÍA,53,-,
2021-03-30,NOCHE,70,-,
2021-03-31,MEDIODÍA,80,-,
2021-03-31,NOCHE,81,-,
2021-04-05,MEDIODÍA,3,-,
2021-04-05,NOCHE,73,-,
2021-04-06,MEDIODÍA,53,-,
2021-04-06,NOCHE,5,-,
2021-04-07,MEDIODÍA,5,-,
2021-04-07,NOCHE,91,-,
2021-04-08,MEDIODÍA,86,-,
2021-04-08,NOCHE,23,-,
2021-04-09,MEDIODÍA,46,-,
2021-04-09,NOCHE,18,-,
2021-04-10,MEDIODÍA,83,-,
2021-04-10,NOCHE,57,-,
2021-04-11,MEDIODÍA,3,-,
2021-04-11,NOCHE,9,-,
2021-04-12,MEDIODÍA,26,-,
2021-04-12,NOCHE,56,-,
2021-04-13,MEDIODÍA,92,-,
2021-04-13,NOCHE,50,-,
2021-04-14,MEDIODÍA,64,-,
2021-04-14,NOCHE,3,-,
2021-04-15,MEDIODÍA,41,-,
2021-04-15,NOCHE,74,-,
2021-04-16,MEDIODÍA,1,-,
2021-04-16,NOCHE,3,-,
2021-04-17,MEDIODÍA,62,-,
2021-04-17,NOCHE,68,-,
2021-04-18,MEDIODÍA,75,-,
2021-04-18,NOCHE,34,-,
2021-04-19,MEDIODÍA,13,-,
2021-04-19,NOCHE,69,-,
2021-04-20,MEDIODÍA,82,-,
2021-04-20,NOCHE,94,-,
2021-04-21,MEDIODÍA,14,-,
2021-04-21,NOCHE,76,-,
2021-04-22,MEDIODÍA,73,-,
2021-04-22,NOCHE,84,-,
2021-04-23,MEDIODÍA,47,-,
2021-04-23,NOCHE,65,-,
2021-04-24,MEDIODÍA,49,-,
2021-04-24,NOCHE,71,-,
2021-04-25,MEDIODÍA,58,-,
2021-04-25,NOCHE,60,-,
2021-04-26,MEDIODÍA,49,-,
2021-04-26,NOCHE,68,-,
2021-04-27,MEDIODÍA,14,-,
2021-04-27,NOCHE,68,-,
2021-04-28,MEDIODÍA,43,-,
2021-04-28,NOCHE,79,-,
2021-04-29,MEDIODÍA,89,-,
2021-04-29,NOCHE,1,-,
2021-04-30,MEDIODÍA,0,-,
2021-04-30,NOCHE,99,-,
2021-05-01,MEDIODÍA,52,-,
2021-05-01,NOCHE,22,-,
2021-05-02,MEDIODÍA,41,-,
2021-05-02,NOCHE,80,-,
2021-05-03,MEDIODÍA,60,-,
2021-05-03,NOCHE,73,-,
2021-05-04,MEDIODÍA,92,-,
2021-05-04,NOCHE,65,-,
2021-05-05,MEDIODÍA,57,-,
2021-05-05,NOCHE,28,-,
2021-05-06,MEDIODÍA,33,-,
2021-05-06,NOCHE,24,-,
2021-05-07,MEDIODÍA,41,-,
2021-05-07,NOCHE,81,-,
2021-05-08,MEDIODÍA,4,-,
2021-05-08,NOCHE,19,-,
2021-05-09,MEDIODÍA,99,-,
2021-05-09,NOCHE,29,-,
2021-05-10,MEDIODÍA,76,-,
2021-05-10,NOCHE,58,-,
2021-05-11,MEDIODÍA,58,-,
2021-05-11,NOCHE,56,-,
2021-05-12,MEDIODÍA,88,-,
2021-05-12,NOCHE,33,-,
2021-05-13,MEDIODÍA,95,-,
2021-05-13,NOCHE,76,-,
2021-05-14,MEDIODÍA,92,-,
2021-05-14,NOCHE,36,-,
2021-05-15,MEDIODÍA,0,-,
2021-05-15,NOCHE,20,-,
2021-05-16,MEDIODÍA,3,-,
2021-05-16,NOCHE,79,-,
2021-05-17,MEDIODÍA,84,-,
2021-05-17,NOCHE,61,-,
2021-05-18,MEDIODÍA,73,-,
2021-05-18,NOCHE,51,-,
2021-05-19,MEDIODÍA,30,-,
2021-05-19,NOCHE,29,-,
2021-05-20,MEDIODÍA,22,-,
2021-05-20,NOCHE,87,-,
2021-05-21,MEDIODÍA,10,-,
2021-05-21,NOCHE,21,-,
2021-05-22,MEDIODÍA,24,-,
2021-05-22,NOCHE,89,-,
2021-05-23,MEDIODÍA,67,-,
2021-05-23,NOCHE,73,-,
2021-05-24,MEDIODÍA,41,-,
2021-05-24,NOCHE,52,-,
2021-05-25,MEDIODÍA,68,-,
2021-05-25,NOCHE,79,-,
2021-05-26,MEDIODÍA,19,-,
2021-05-26,NOCHE,48,-,
2021-05-27,MEDIODÍA,99,-,
2021-05-27,NOCHE,25,-,
2021-05-28,MEDIODÍA,75,-,
2021-05-28,NOCHE,7,-,
2021-05-29,MEDIODÍA,18,-,
2021-05-29,NOCHE,1,-,
2021-05-30,MEDIODÍA,90,-,
2021-05-30,NOCHE,87,-,
2021-05-31,MEDIODÍA,70,-,
2021-05-31,NOCHE,41,-,
2021-06-01,MEDIODÍA,28,-,
2021-06-01,NOCHE,88,-,
2021-06-02,MEDIODÍA,10,-,
2021-06-02,NOCHE,4,-,
2021-06-03,MEDIODÍA,96,-,
2021-06-03,NOCHE,5,-,
2021-06-04,MEDIODÍA,40,-,
2021-06-04,NOCHE,12,-,
2021-06-05,MEDIODÍA,79,-,
2021-06-05,NOCHE,30,-,
2021-06-06,MEDIODÍA,54,-,
2021-06-06,NOCHE,59,-,
2021-06-07,MEDIODÍA,69,-,
2021-06-07,NOCHE,80,-,
2021-06-08,MEDIODÍA,23,-,
2021-06-08,NOCHE,99,-,
2021-06-09,MEDIODÍA,70,-,
2021-06-09,NOCHE,4,-,
2021-06-10,MEDIODÍA,41,-,
2021-06-10,NOCHE,78,-,
2021-06-11,MEDIODÍA,77,-,
2021-06-11,NOCHE,15,-,
2021-06-12,MEDIODÍA,34,-,
2021-06-12,NOCHE,17,-,
2021-06-13,MEDIODÍA,76,-,
2021-06-13,NOCHE,59,-,
2021-06-14,MEDIODÍA,8,-,
2021-06-14,NOCHE,48,-,
2021-06-15,MEDIODÍA,75,-,
2021-06-15,NOCHE,31,-,
2021-06-16,MEDIODÍA,23,-,
2021-06-16,NOCHE,22,-,
2021-06-17,MEDIODÍA,11,-,
2021-06-17,NOCHE,80,-,
2021-06-18,MEDIODÍA,91,-,
2021-06-18,NOCHE,36,-,
2021-06-19,MEDIODÍA,39,-,
2021-06-19,NOCHE,5,-,
2021-06-20,MEDIODÍA,71,-,
2021-06-20,NOCHE,66,-,
2021-06-21,MEDIODÍA,12,-,
2021-06-21,NOCHE,49,-,
2021-06-22,MEDIODÍA,71,-,
2021-06-22,NOCHE,86,-,
2021-06-23,MEDIODÍA,90,-,
2021-06-23,NOCHE,61,-,
2021-06-24,MEDIODÍA,69,-,
2021-06-24,NOCHE,8,-,
2021-06-25,MEDIODÍA,48,-,
2021-06-25,NOCHE,67,-,
2021-06-26,MEDIODÍA,5,-,
2021-06-26,NOCHE,53,-,
2021-06-27,MEDIODÍA,36,-,
2021-06-27,NOCHE,4,-,
2021-06-28,MEDIODÍA,73,-,
2021-06-28,NOCHE,97,-,
2021-06-29,MEDIODÍA,99,-,
2021-06-29,NOCHE,92,-,
2021-06-30,MEDIODÍA,17,-,
2021-06-30,NOCHE,48,-,
2021-07-01,MEDIODÍA,2,-,
2021-07-01,NOCHE,8,-,
2021-07-02,MEDIODÍA,35,-,
2021-07-02,NOCHE,1,-,
2021-07-03,MEDIODÍA,93,-,
2021-07-03,NOCHE,41,-,
2021-07-04,MEDIODÍA,9,-,
2021-07-04,NOCHE,84,-,
2021-07-05,MEDIODÍA,86,-,
2021-07-05,NOCHE,95,-,
2021-07-06,MEDIODÍA,82,-,
2021-07-06,NOCHE,60,-,
2021-07-07,MEDIODÍA,37,-,
2021-07-07,NOCHE,42,-,
2021-07-08,MEDIODÍA,36,-,
2021-07-08,NOCHE,7,-,
2021-07-09,MEDIODÍA,26,-,
2021-07-09,NOCHE,18,-,
2021-07-10,MEDIODÍA,49,-,
2021-07-10,NOCHE,61,-,
2021-07-11,MEDIODÍA,78,-,
2021-07-11,NOCHE,32,-,
2021-07-12,MEDIODÍA,88,-,
2021-07-12,NOCHE,78,-,
2021-07-13,MEDIODÍA,0,-,
2021-07-13,NOCHE,42,-,
2021-07-14,MEDIODÍA,45,-,
2021-07-14,NOCHE,74,-,
2021-07-15,MEDIODÍA,40,-,
2021-07-15,NOCHE,12,-,
2021-07-16,MEDIODÍA,42,-,
2021-07-16,NOCHE,78,-,
2021-07-17,MEDIODÍA,74,-,
2021-07-17,NOCHE,23,-,
2021-07-18,MEDIODÍA,49,-,
2021-07-18,NOCHE,35,-,
2021-07-19,MEDIODÍA,32,-,
2021-07-19,NOCHE,42,-,
2021-07-20,MEDIODÍA,60,-,
2021-07-20,NOCHE,77,-,
2021-07-21,MEDIODÍA,5,-,
2021-07-21,NOCHE,86,-,
2021-07-22,MEDIODÍA,0,-,
2021-07-22,NOCHE,27,-,
2021-07-23,MEDIODÍA,3,-,
2021-07-23,NOCHE,76,-,
2021-07-24,MEDIODÍA,30,-,
2021-07-24,NOCHE,99,-,
2021-07-25,MEDIODÍA,38,-,
2021-07-25,NOCHE,31,-,
2021-07-26,MEDIODÍA,59,-,
2021-07-26,NOCHE,57,-,
2021-07-27,MEDIODÍA,17,-,
2021-07-27,NOCHE,49,-,
2021-07-28,MEDIODÍA,5,-,
2021-07-28,NOCHE,88,-,
2021-07-29,MEDIODÍA,96,-,
2021-07-29,NOCHE,31,-,
2021-07-30,MEDIODÍA,73,-,
2021-07-30,NOCHE,61,-,
2021-07-31,MEDIODÍA,32,-,
2021-07-31,NOCHE,99,-,
2021-08-01,MEDIODÍA,9,-,
2021-08-01,NOCHE,60,-,
2021-08-02,MEDIODÍA,99,-,
2021-08-02,NOCHE,85,-,
2021-08-03,MEDIODÍA,8,-,
2021-08-03,NOCHE,0,-,
2021-08-04,MEDIODÍA,71,-,
2021-08-04,NOCHE,45,-,
2021-08-05,MEDIODÍA,16,-,
2021-08-05,NOCHE,37,-,
2021-08-06,MEDIODÍA,41,-,
2021-08-06,NOCHE,7,-,
2021-08-07,MEDIODÍA,17,-,
2021-08-07,NOCHE,39,-,
2021-08-08,MEDIODÍA,97,-,
2021-08-08,NOCHE,7,-,
2021-08-09,MEDIODÍA,92,-,
2021-08-09,NOCHE,67,-,
2021-08-10,MEDIODÍA,73,-,
2021-08-10,NOCHE,46,-,
2021-08-11,MEDIODÍA,41,-,
2021-08-11,NOCHE,88,-,
2021-08-12,MEDIODÍA,81,-,
2021-08-12,NOCHE,63,-,
2021-08-13,MEDIODÍA,91,-,
2021-08-13,NOCHE,30,-,
2021-08-14,MEDIODÍA,82,-,
2021-08-14,NOCHE,1,-,
2021-08-16,MEDIODÍA,49,-,
2021-08-16,NOCHE,65,-,
2021-08-17,MEDIODÍA,14,-,
2021-08-17,NOCHE,7,-,
2021-08-18,MEDIODÍA,50,-,
2021-08-18,NOCHE,96,-,
2021-08-19,MEDIODÍA,19,-,
2021-08-19,NOCHE,45,-,
2021-08-20,MEDIODÍA,42,-,
2021-08-20,NOCHE,85,-,
2021-08-21,MEDIODÍA,97,-,
2021-08-21,NOCHE,73,-,
2021-08-22,MEDIODÍA,5,-,
2021-08-22,NOCHE,30,-,
2021-08-23,MEDIODÍA,13,-,
2021-08-23,NOCHE,35,-,
2021-08-24,MEDIODÍA,32,-,
2021-08-24,NOCHE,93,-,
2021-08-25,MEDIODÍA,5,-,
2021-08-25,NOCHE,35,-,
2021-08-26,MEDIODÍA,22,-,
2021-08-26,NOCHE,81,-,
2021-08-27,MEDIODÍA,95,-,
2021-08-27,NOCHE,16,-,
2021-08-28,MEDIODÍA,13,-,
2021-08-28,NOCHE,69,-,
2021-08-29,MEDIODÍA,87,-,
2021-08-29,NOCHE,94,-,
2021-08-30,MEDIODÍA,86,-,
2021-08-30,NOCHE,75,-,
2021-08-31,MEDIODÍA,20,-,
2021-08-31,NOCHE,67,-,
2021-10-01,MEDIODÍA,92,-,
2021-10-01,NOCHE,72,-,
2021-10-02,MEDIODÍA,84,-,
2021-10-02,NOCHE,32,-,
2021-10-03,MEDIODÍA,37,-,
2021-10-03,NOCHE,12,-,
2021-10-04,MEDIODÍA,48,-,
2021-10-04,NOCHE,26,-,
2021-10-05,MEDIODÍA,91,-,
2021-10-05,NOCHE,9,-,
2021-10-06,MEDIODÍA,47,-,
2021-10-06,NOCHE,96,-,
2021-10-07,MEDIODÍA,16,-,
2021-10-07,NOCHE,14,-,
2021-10-08,MEDIODÍA,44,-,
2021-10-08,NOCHE,90,-,
2021-10-09,MEDIODÍA,99,-,
2021-10-09,NOCHE,97,-,
2021-10-10,MEDIODÍA,62,-,
2021-10-10,NOCHE,68,-,
2021-10-11,MEDIODÍA,54,-,
2021-10-11,NOCHE,62,-,
2021-10-12,MEDIODÍA,51,-,
2021-10-12,NOCHE,58,-,
2021-10-13,MEDIODÍA,40,-,
2021-10-13,NOCHE,48,-,
2021-10-14,MEDIODÍA,11,-,
2021-10-14,NOCHE,49,-,
2021-10-15,MEDIODÍA,27,-,
2021-10-15,NOCHE,35,-,
2021-10-16,MEDIODÍA,95,-,
2021-10-16,NOCHE,3,-,
2021-10-17,MEDIODÍA,5,-,
2021-10-17,NOCHE,81,-,
2021-10-18,MEDIODÍA,63,-,
2021-10-18,NOCHE,12,-,
2021-10-19,MEDIODÍA,49,-,
2021-10-19,NOCHE,70,-,
2021-10-20,MEDIODÍA,99,-,
2021-10-20,NOCHE,97,-,
2021-10-21,MEDIODÍA,14,-,
2021-10-21,NOCHE,84,-,
2021-10-22,MEDIODÍA,99,-,
2021-10-22,NOCHE,83,-,
2021-10-23,MEDIODÍA,9,-,
2021-10-23,NOCHE,31,-,
2021-10-24,MEDIODÍA,80,-,
2021-10-24,NOCHE,44,-,
2021-10-25,MEDIODÍA,78,-,
2021-10-25,NOCHE,22,-,
2021-10-26,MEDIODÍA,39,-,
2021-10-26,NOCHE,40,-,
2021-10-27,MEDIODÍA,37,-,
2021-10-27,NOCHE,47,-,
2021-10-28,MEDIODÍA,88,-,
2021-10-28,NOCHE,34,-,
2021-10-29,MEDIODÍA,53,-,
2021-10-29,NOCHE,44,-,
2021-10-30,MEDIODÍA,26,-,
2021-10-30,NOCHE,49,-,
2021-10-31,MEDIODÍA,46,-,
2021-10-31,NOCHE,26,-,
2021-11-01,MEDIODÍA,6,-,
2021-11-01,NOCHE,42,-,
2021-11-02,MEDIODÍA,60,-,
2021-11-02,NOCHE,36,-,
2021-11-03,MEDIODÍA,22,-,
2021-11-03,NOCHE,41,-,
2021-11-04,MEDIODÍA,82,-,
2021-11-04,NOCHE,75,-,
2021-11-05,MEDIODÍA,91,-,
2021-11-05,NOCHE,77,-,
2021-11-06,MEDIODÍA,7,-,
2021-11-06,NOCHE,15,-,
2021-11-07,MEDIODÍA,35,-,
2021-11-07,NOCHE,46,-,
2021-11-08,MEDIODÍA,60,-,
2021-11-08,NOCHE,47,-,
2021-11-09,MEDIODÍA,0,-,
2021-11-09,NOCHE,74,-,
2021-11-10,MEDIODÍA,69,-,
2021-11-10,NOCHE,29,-,
2021-11-11,MEDIODÍA,76,-,
2021-11-11,NOCHE,92,-,
2021-11-12,MEDIODÍA,98,-,
2021-11-12,NOCHE,92,-,
2021-11-13,MEDIODÍA,51,-,
2021-11-13,NOCHE,31,-,
2021-11-14,MEDIODÍA,60,-,
2021-11-14,NOCHE,39,-,
2021-11-15,MEDIODÍA,95,-,
2021-11-15,NOCHE,0,-,
2021-11-16,MEDIODÍA,87,-,
2021-11-16,NOCHE,74,-,
2021-11-17,MEDIODÍA,91,-,
2021-11-17,NOCHE,14,-,
2021-11-18,MEDIODÍA,51,-,
2021-11-18,NOCHE,36,-,
2021-11-19,MEDIODÍA,46,-,
2021-11-19,NOCHE,14,-,
2021-11-20,MEDIODÍA,53,-,
2021-11-20,NOCHE,13,-,
2021-11-21,MEDIODÍA,80,-,
2021-11-21,NOCHE,52,-,
2021-11-22,MEDIODÍA,99,-,
2021-11-22,NOCHE,32,-,
2021-11-23,MEDIODÍA,58,-,
2021-11-23,NOCHE,9,-,
2021-11-24,MEDIODÍA,77,-,
2021-11-24,NOCHE,39,-,
2021-11-25,MEDIODÍA,46,-,
2021-11-25,NOCHE,70,-,
2021-11-26,MEDIODÍA,55,-,
2021-11-26,NOCHE,35,-,
2021-11-27,MEDIODÍA,39,-,
2021-11-27,NOCHE,12,-,
2021-11-28,MEDIODÍA,15,-,
2021-11-28,NOCHE,25,-,
2021-11-29,MEDIODÍA,51,-,
2021-11-29,NOCHE,11,-,
2021-11-30,MEDIODÍA,93,-,
2021-11-30,NOCHE,44,-,
2021-12-01,MEDIODÍA,79,-,
2021-12-01,NOCHE,19,-,
2021-12-02,MEDIODÍA,36,-,
2021-12-02,NOCHE,34,-,
2021-12-03,MEDIODÍA,92,-,
2021-12-03,NOCHE,63,-,
2021-12-04,MEDIODÍA,60,-,
2021-12-04,NOCHE,81,-,
2021-12-05,MEDIODÍA,5,-,
2021-12-05,NOCHE,29,-,
2021-12-06,MEDIODÍA,74,-,
2021-12-06,NOCHE,29,-,
2021-12-07,MEDIODÍA,77,-,
2021-12-07,NOCHE,17,-,
2021-12-08,MEDIODÍA,75,-,
2021-12-08,NOCHE,35,-,
2021-12-09,MEDIODÍA,61,-,
2021-12-09,NOCHE,98,-,
2021-12-10,MEDIODÍA,92,-,
2021-12-10,NOCHE,59,-,
2021-12-11,MEDIODÍA,5,-,
2021-12-11,NOCHE,75,-,
2021-12-12,MEDIODÍA,32,-,
2021-12-12,NOCHE,49,-,
2021-12-13,MEDIODÍA,75,-,
2021-12-13,NOCHE,69,-,
2021-12-14,MEDIODÍA,90,-,
2021-12-14,NOCHE,74,-,
2021-12-15,MEDIODÍA,35,-,
2021-12-15,NOCHE,13,-,
2021-12-16,MEDIODÍA,88,-,
2021-12-16,NOCHE,36,-,
2021-12-17,MEDIODÍA,21,-,
2021-12-17,NOCHE,24,-,
2021-12-18,MEDIODÍA,21,-,
2021-12-18,NOCHE,24,-,
2021-12-19,MEDIODÍA,44,-,
2021-12-19,NOCHE,19,-,
2021-12-20,MEDIODÍA,87,-,
2021-12-20,NOCHE,63,-,
2021-12-21,MEDIODÍA,27,-,
2021-12-21,NOCHE,43,-,
2021-12-22,MEDIODÍA,34,-,
2021-12-22,NOCHE,80,-,
2021-12-23,MEDIODÍA,38,-,
2021-12-23,NOCHE,9,-,
2021-12-24,MEDIODÍA,72,-,
2021-12-24,NOCHE,39,-,
2021-12-26,MEDIODÍA,55,-,
2021-12-26,NOCHE,55,-,
2021-12-27,MEDIODÍA,73,-,
2021-12-27,NOCHE,85,-,
2021-12-28,MEDIODÍA,31,-,
2021-12-28,NOCHE,75,-,
2021-12-29,MEDIODÍA,88,-,
2021-12-29,NOCHE,77,-,
2021-12-30,MEDIODÍA,56,-,
2021-12-30,NOCHE,96,-,
2021-12-31,MEDIODÍA,73,-,
2021-12-31,NOCHE,98,-,
2022-01-02,MEDIODÍA,36,-,
2022-01-02,NOCHE,75,-,
2022-01-03,MEDIODÍA,67,-,
2022-01-03,NOCHE,40,-,
2022-01-04,MEDIODÍA,44,-,
2022-01-04,NOCHE,46,-,
2022-01-05,MEDIODÍA,92,-,
2022-01-05,NOCHE,9,-,
2022-01-06,MEDIODÍA,35,-,
2022-01-06,NOCHE,48,-,
2022-01-07,MEDIODÍA,32,-,
2022-01-07,NOCHE,15,-,
2022-01-08,MEDIODÍA,53,-,
2022-01-08,NOCHE,66,-,
2022-01-09,MEDIODÍA,78,-,
2022-01-09,NOCHE,44,-,
2022-01-10,MEDIODÍA,49,-,
2022-01-10,NOCHE,36,-,
2022-01-11,MEDIODÍA,59,-,
2022-01-11,NOCHE,91,-,
2022-01-12,MEDIODÍA,11,-,
2022-01-12,NOCHE,8,-,
2022-01-13,MEDIODÍA,31,-,
2022-01-13,NOCHE,86,-,
2022-01-14,MEDIODÍA,21,-,
2022-01-14,NOCHE,60,-,
2022-01-15,MEDIODÍA,89,-,
2022-01-15,NOCHE,44,-,
2022-01-16,MEDIODÍA,43,-,
2022-01-16,NOCHE,17,-,
2022-01-17,MEDIODÍA,2,-,
2022-01-17,NOCHE,95,-,
2022-01-18,MEDIODÍA,45,-,
2022-01-18,NOCHE,44,-,
2022-01-19,MEDIODÍA,28,-,
2022-01-19,NOCHE,15,-,
2022-01-20,MEDIODÍA,90,-,
2022-01-20,NOCHE,48,-,
2022-01-21,MEDIODÍA,0,-,
2022-01-21,NOCHE,92,-,
2022-01-22,MEDIODÍA,24,-,
2022-01-22,NOCHE,67,-,
2022-01-23,MEDIODÍA,1,-,
2022-01-23,NOCHE,88,-,
2022-01-24,MEDIODÍA,59,-,
2022-01-24,NOCHE,16,-,
2022-01-25,MEDIODÍA,83,-,
2022-01-25,NOCHE,38,-,
2022-01-26,MEDIODÍA,65,-,
2022-01-26,NOCHE,12,-,
2022-01-27,MEDIODÍA,72,-,
2022-01-27,NOCHE,14,-,
2022-01-28,MEDIODÍA,95,-,
2022-01-28,NOCHE,38,-,
2022-01-29,MEDIODÍA,86,-,
2022-01-29,NOCHE,5,-,
2022-01-30,MEDIODÍA,53,-,
2022-01-30,NOCHE,23,-,
2022-01-31,MEDIODÍA,23,-,
2022-01-31,NOCHE,17,-,
2022-02-01,MEDIODÍA,49,-,
2022-02-01,NOCHE,3,-,
2022-02-02,MEDIODÍA,27,-,
2022-02-02,NOCHE,45,-,
2022-02-03,MEDIODÍA,37,-,
2022-02-03,NOCHE,61,-,
2022-02-04,MEDIODÍA,34,-,
2022-02-04,NOCHE,38,-,
2022-02-05,MEDIODÍA,20,-,
2022-02-05,NOCHE,62,-,
2022-02-07,MEDIODÍA,21,-,
2022-02-07,NOCHE,93,-,
2022-02-08,MEDIODÍA,93,-,
2022-02-08,NOCHE,83,-,
2022-02-09,MEDIODÍA,65,-,
2022-02-09,NOCHE,99,-,
2022-02-10,MEDIODÍA,67,-,
2022-02-10,NOCHE,53,-,
2022-02-11,MEDIODÍA,95,-,
2022-02-11,NOCHE,38,-,
2022-02-12,MEDIODÍA,66,-,
2022-02-12,NOCHE,34,-,
2022-02-13,MEDIODÍA,29,-,
2022-02-13,NOCHE,91,-,
2022-02-14,MEDIODÍA,60,-,
2022-02-14,NOCHE,76,-,
2022-02-15,MEDIODÍA,87,-,
2022-02-15,NOCHE,46,-,
2022-02-16,MEDIODÍA,14,-,
2022-02-16,NOCHE,48,-,
2022-02-17,MEDIODÍA,36,-,
2022-02-17,NOCHE,90,-,
2022-02-18,MEDIODÍA,75,-,
2022-02-18,NOCHE,78,-,
2022-02-19,MEDIODÍA,69,-,
2022-02-19,NOCHE,82,-,
2022-02-20,MEDIODÍA,45,-,
2022-02-20,NOCHE,77,-,
2022-02-21,MEDIODÍA,43,-,
2022-02-21,NOCHE,50,-,
2022-02-22,MEDIODÍA,55,-,
2022-02-22,NOCHE,89,-,
2022-02-23,MEDIODÍA,76,-,
2022-02-23,NOCHE,18,-,
2022-02-24,MEDIODÍA,41,-,
2022-02-24,NOCHE,58,-,
2022-02-25,MEDIODÍA,92,-,
2022-02-25,NOCHE,73,-,
2022-02-26,MEDIODÍA,81,-,
2022-02-26,NOCHE,53,-,
2022-02-27,MEDIODÍA,60,-,
2022-02-27,NOCHE,98,-,
2022-02-28,MEDIODÍA,1,-,
2022-02-28,NOCHE,1,-,
2022-03-01,MEDIODÍA,59,-,
2022-03-01,NOCHE,89,-,
2022-03-02,MEDIODÍA,50,-,
2022-03-02,NOCHE,58,-,
2022-03-03,MEDIODÍA,81,-,
2022-03-03,NOCHE,72,-,
2022-03-04,MEDIODÍA,77,-,
2022-03-04,NOCHE,23,-,
2022-03-05,MEDIODÍA,28,-,
2022-03-05,NOCHE,94,-,
2022-03-06,MEDIODÍA,65,-,
2022-03-06,NOCHE,43,-,
2022-03-07,MEDIODÍA,61,-,
2022-03-07,NOCHE,98,-,
2022-03-08,MEDIODÍA,4,-,
2022-03-08,NOCHE,80,-,
2022-03-09,MEDIODÍA,33,-,
2022-03-09,NOCHE,77,-,
2022-03-10,MEDIODÍA,20,-,
2022-03-10,NOCHE,61,-,
2022-03-11,MEDIODÍA,0,-,
2022-03-11,NOCHE,81,-,
2022-03-12,MEDIODÍA,13,-,
2022-03-12,NOCHE,42,-,
2022-03-13,MEDIODÍA,21,-,
2022-03-13,NOCHE,84,-,
2022-03-14,MEDIODÍA,95,-,
2022-03-14,NOCHE,92,-,
2022-03-15,MEDIODÍA,34,-,
2022-03-15,NOCHE,51,-,
2022-03-16,MEDIODÍA,0,-,
2022-03-16,NOCHE,32,-,
2022-03-17,MEDIODÍA,7,-,
2022-03-17,NOCHE,44,-,
2022-03-18,MEDIODÍA,90,-,
2022-03-18,NOCHE,90,-,
2022-03-19,MEDIODÍA,28,-,
2022-03-19,NOCHE,75,-,
2022-03-20,MEDIODÍA,91,-,
2022-03-20,NOCHE,45,-,
2022-03-21,MEDIODÍA,66,-,
2022-03-21,NOCHE,39,-,
2022-03-22,MEDIODÍA,64,-,
2022-03-22,NOCHE,9,-,
2022-03-23,MEDIODÍA,33,-,
2022-03-23,NOCHE,21,-,
2022-03-24,MEDIODÍA,53,-,
2022-03-24,NOCHE,92,-,
2022-03-25,MEDIODÍA,10,-,
2022-03-25,NOCHE,82,-,
2022-03-26,MEDIODÍA,61,-,
2022-03-26,NOCHE,25,-,
2022-03-27,MEDIODÍA,59,-,
2022-03-27,NOCHE,1,-,
2022-03-28,MEDIODÍA,22,-,
2022-03-28,NOCHE,54,-,
2022-03-29,MEDIODÍA,67,-,
2022-03-29,NOCHE,49,-,
2022-03-30,MEDIODÍA,91,-,
2022-03-30,NOCHE,70,-,
2022-03-31,MEDIODÍA,49,-,
2022-03-31,NOCHE,13,-,
2022-04-01,MEDIODÍA,8,-,
2022-04-01,NOCHE,76,-,
2022-04-02,MEDIODÍA,94,-,
2022-04-02,NOCHE,64,-,
2022-04-04,MEDIODÍA,93,-,
2022-04-04,TARDE,39,-,
2022-04-04,NOCHE,37,-,
2022-04-05,MEDIODÍA,10,-,
2022-04-05,TARDE,58,-,
2022-04-05,NOCHE,9,-,
2022-04-06,MEDIODÍA,98,-,
2022-04-06,TARDE,20,-,
2022-04-06,NOCHE,52,-,
2022-04-07,MEDIODÍA,58,-,
2022-04-07,TARDE,78,-,
2022-04-07,NOCHE,25,-,
2022-04-08,MEDIODÍA,5,-,
2022-04-08,TARDE,81,-,
2022-04-08,NOCHE,19,-,
2022-04-09,MEDIODÍA,39,-,
2022-04-09,TARDE,69,-,
2022-04-09,NOCHE,67,-,
2022-04-10,MEDIODÍA,12,-,
2022-04-10,TARDE,21,-,
2022-04-10,NOCHE,43,-,
2022-04-11,MEDIODÍA,31,-,
2022-04-11,TARDE,69,-,
2022-04-11,NOCHE,9,-,
2022-04-12,MEDIODÍA,7,-,
2022-04-12,TARDE,27,-,
2022-04-12,NOCHE,4,-,
2022-04-13,MEDIODÍA,52,-,
2022-04-13,TARDE,52,-,
2022-04-13,NOCHE,35,-,
2022-04-18,MEDIODÍA,24,-,
2022-04-18,TARDE,29,-,
2022-04-18,NOCHE,13,-,
2022-04-19,MEDIODÍA,31,-,
2022-04-19,TARDE,4,-,
2022-04-19,NOCHE,44,-,
2022-04-20,MEDIODÍA,65,-,
2022-04-20,TARDE,21,-,
2022-04-20,NOCHE,55,-,
2022-04-21,MEDIODÍA,64,-,
2022-04-21,TARDE,12,-,
2022-04-21,NOCHE,82,-,
2022-04-22,MEDIODÍA,17,-,
2022-04-22,TARDE,20,-,
2022-04-22,NOCHE,73,-,
2022-04-23,MEDIODÍA,86,-,
2022-04-23,TARDE,39,-,
2022-04-23,NOCHE,17,-,
2022-04-24,MEDIODÍA,26,-,
2022-04-24,TARDE,47,-,
2022-04-24,NOCHE,56,-,
2022-04-25,MEDIODÍA,46,-,
2022-04-25,TARDE,31,-,
2022-04-25,NOCHE,10,-,
2022-04-26,MEDIODÍA,3,-,
2022-04-26,TARDE,96,-,
2022-04-26,NOCHE,66,-,
2022-04-27,MEDIODÍA,56,-,
2022-04-27,TARDE,74,-,
2022-04-27,NOCHE,13,-,
2022-04-28,MEDIODÍA,61,-,
2022-04-28,TARDE,43,-,
2022-04-28,NOCHE,96,-,
2022-04-29,MEDIODÍA,90,-,
2022-04-29,TARDE,37,-,
2022-04-29,NOCHE,33,-,
2022-04-30,MEDIODÍA,59,-,
2022-04-30,TARDE,98,-,
2022-04-30,NOCHE,83,-,
2022-05-01,MEDIODÍA,92,-,
2022-05-01,TARDE,46,-,
2022-05-01,NOCHE,18,-,
2022-05-02,MEDIODÍA,53,-,
2022-05-02,TARDE,84,-,
2022-05-02,NOCHE,45,-,
2022-05-03,MEDIODÍA,53,-,
2022-05-03,TARDE,99,-,
2022-05-03,NOCHE,58,-,
2022-05-04,MEDIODÍA,41,-,
2022-05-04,TARDE,97,-,
2022-05-04,NOCHE,1,-,
2022-05-05,MEDIODÍA,44,-,
2022-05-05,TARDE,24,-,
2022-05-05,NOCHE,29,-,
2022-05-06,MEDIODÍA,45,-,
2022-05-06,TARDE,15,-,
2022-05-06,NOCHE,73,-,
2022-05-07,MEDIODÍA,22,-,
2022-05-07,TARDE,16,-,
2022-05-07,NOCHE,46,-,
2022-05-08,MEDIODÍA,51,-,
2022-05-08,TARDE,37,-,
2022-05-08,NOCHE,26,-,
2022-05-09,MEDIODÍA,87,-,
2022-05-09,TARDE,94,-,
2022-05-09,NOCHE,4,-,
2022-05-10,MEDIODÍA,97,-,
2022-05-10,TARDE,63,-,
2022-05-10,NOCHE,5,-,
2022-05-11,MEDIODÍA,96,-,
2022-05-11,TARDE,72,-,
2022-05-11,NOCHE,86,-,
2022-05-12,MEDIODÍA,78,-,
2022-05-12,TARDE,32,-,
2022-05-12,NOCHE,76,-,
2022-05-13,MEDIODÍA,70,-,
2022-05-13,TARDE,59,-,
2022-05-13,NOCHE,89,-,
2022-05-14,MEDIODÍA,72,-,
2022-05-14,TARDE,82,-,
2022-05-14,NOCHE,33,-,
2022-05-15,MEDIODÍA,12,-,
2022-05-15,TARDE,40,-,
2022-05-15,NOCHE,77,-,
2022-05-16,MEDIODÍA,87,-,
2022-05-16,TARDE,69,-,
2022-05-16,NOCHE,76,-,
2022-05-17,MEDIODÍA,77,-,
2022-05-17,TARDE,99,-,
2022-05-17,NOCHE,47,-,
2022-05-18,MEDIODÍA,18,-,
2022-05-18,TARDE,66,-,
2022-05-18,NOCHE,44,-,
2022-05-19,MEDIODÍA,17,-,
2022-05-19,TARDE,7,-,
2022-05-19,NOCHE,26,-,
2022-05-20,MEDIODÍA,14,-,
2022-05-20,TARDE,40,-,
2022-05-20,NOCHE,50,-,
2022-05-21,MEDIODÍA,97,-,
2022-05-21,TARDE,30,-,
2022-05-21,NOCHE,21,-,
2022-05-22,MEDIODÍA,20,-,
2022-05-22,TARDE,65,-,
2022-05-22,NOCHE,35,-,
2022-05-23,MEDIODÍA,22,-,
2022-05-23,TARDE,38,-,
2022-05-23,NOCHE,37,-,
2022-05-24,MEDIODÍA,88,-,
2022-05-24,TARDE,8,-,
2022-05-24,NOCHE,17,-,
2022-05-25,MEDIODÍA,35,-,
2022-05-25,TARDE,16,-,
2022-05-25,NOCHE,80,-,
2022-05-26,MEDIODÍA,37,-,
2022-05-26,TARDE,94,-,
2022-05-26,NOCHE,1,-,
2022-05-27,MEDIODÍA,17,-,
2022-05-27,TARDE,5,-,
2022-05-27,NOCHE,73,-,
2022-05-28,MEDIODÍA,67,-,
2022-05-28,TARDE,62,-,
2022-05-28,NOCHE,93,-,
2022-05-29,MEDIODÍA,66,-,
2022-05-29,TARDE,34,-,
2022-05-29,NOCHE,60,-,
2022-05-30,MEDIODÍA,43,-,
2022-05-30,TARDE,16,-,
2022-05-30,NOCHE,50,-,
2022-05-31,MEDIODÍA,35,-,
2022-05-31,TARDE,95,-,
2022-05-31,NOCHE,34,-,
2022-06-01,MEDIODÍA,1,-,
2022-06-01,TARDE,11,-,
2022-06-01,NOCHE,28,-,
2022-06-02,MEDIODÍA,29,-,
2022-06-02,TARDE,49,-,
2022-06-02,NOCHE,29,-,
2022-06-03,MEDIODÍA,50,-,
2022-06-03,TARDE,19,-,
2022-06-03,NOCHE,93,-,
2022-06-04,MEDIODÍA,69,-,
2022-06-04,TARDE,77,-,
2022-06-04,NOCHE,16,-,
2022-06-05,MEDIODÍA,37,-,
2022-06-05,TARDE,34,-,
2022-06-05,NOCHE,99,-,
2022-06-06,MEDIODÍA,8,-,
2022-06-06,TARDE,83,-,
2022-06-06,NOCHE,59,-,
2022-06-07,MEDIODÍA,18,-,
2022-06-07,TARDE,57,-,
2022-06-07,NOCHE,65,-,
2022-06-08,MEDIODÍA,1,-,
2022-06-08,TARDE,55,-,
2022-06-08,NOCHE,62,-,
2022-06-09,MEDIODÍA,61,-,
2022-06-09,TARDE,33,-,
2022-06-09,NOCHE,62,-,
2022-06-10,MEDIODÍA,32,-,
2022-06-10,TARDE,44,-,
2022-06-10,NOCHE,84,-,
2022-06-11,MEDIODÍA,34,-,
2022-06-11,TARDE,81,-,
2022-06-11,NOCHE,35,-,
2022-06-12,MEDIODÍA,19,-,
2022-06-12,TARDE,23,-,
2022-06-12,NOCHE,46,-,
2022-06-13,MEDIODÍA,71,-,
2022-06-13,TARDE,62,-,
2022-06-13,NOCHE,26,-,
2022-06-14,MEDIODÍA,97,-,
2022-06-14,TARDE,95,-,
2022-06-14,NOCHE,31,-,
2022-06-15,MEDIODÍA,38,-,
2022-06-15,TARDE,7,-,
2022-06-15,NOCHE,6,-,
2022-06-16,MEDIODÍA,20,-,
2022-06-16,TARDE,8,-,
2022-06-16,NOCHE,6,-,
2022-06-17,MEDIODÍA,40,-,
2022-06-17,TARDE,49,-,
2022-06-17,NOCHE,22,-,
2022-06-18,MEDIODÍA,99,-,
2022-06-18,TARDE,92,-,
2022-06-18,NOCHE,17,-,
2022-06-19,MEDIODÍA,87,-,
2022-06-19,TARDE,47,-,
2022-06-19,NOCHE,39,-,
2022-06-20,MEDIODÍA,12,-,
2022-06-20,TARDE,0,-,
2022-06-20,NOCHE,62,-,
2022-06-21,MEDIODÍA,92,-,
2022-06-21,TARDE,72,-,
2022-06-21,NOCHE,52,-,
2022-06-22,MEDIODÍA,99,-,
2022-06-22,TARDE,5,-,
2022-06-22,NOCHE,21,-,
2022-06-23,MEDIODÍA,98,-,
2022-06-23,TARDE,40,-,
2022-06-23,NOCHE,32,-,
2022-06-24,MEDIODÍA,78,-,
2022-06-24,TARDE,14,-,
2022-06-24,NOCHE,63,-,
2022-06-25,MEDIODÍA,94,-,
2022-06-25,TARDE,79,-,
2022-06-25,NOCHE,84,-,
2022-06-26,MEDIODÍA,34,-,
2022-06-26,TARDE,22,-,
2022-06-26,NOCHE,9,-,
2022-06-27,MEDIODÍA,44,-,
2022-06-27,TARDE,88,-,
2022-06-27,NOCHE,94,-,
2022-06-28,MEDIODÍA,97,-,
2022-06-28,TARDE,89,-,
2022-06-28,NOCHE,89,-,
2022-06-29,MEDIODÍA,1,-,
2022-06-29,TARDE,46,-,
2022-06-29,NOCHE,96,-,
2022-06-30,MEDIODÍA,72,-,
2022-06-30,TARDE,88,-,
2022-06-30,NOCHE,85,-,
2022-07-01,MEDIODÍA,79,-,
2022-07-01,TARDE,50,-,
2022-07-01,NOCHE,18,-,
2022-07-02,MEDIODÍA,19,-,
2022-07-02,TARDE,3,-,
2022-07-02,NOCHE,18,-,
2022-07-03,MEDIODÍA,5,-,
2022-07-03,TARDE,22,-,
2022-07-03,NOCHE,19,-,
2022-07-04,MEDIODÍA,50,-,
2022-07-04,TARDE,44,-,
2022-07-04,NOCHE,97,-,
2022-07-05,MEDIODÍA,8,-,
2022-07-05,TARDE,93,-,
2022-07-05,NOCHE,55,-,
2022-07-06,MEDIODÍA,93,-,
2022-07-06,TARDE,74,-,
2022-07-06,NOCHE,20,-,
2022-07-07,MEDIODÍA,12,-,
2022-07-07,TARDE,2,-,
2022-07-07,NOCHE,45,-,
2022-07-08,MEDIODÍA,94,-,
2022-07-08,TARDE,94,-,
2022-07-08,NOCHE,77,-,
2022-07-09,MEDIODÍA,65,-,
2022-07-09,TARDE,25,-,
2022-07-09,NOCHE,10,-,
2022-07-10,MEDIODÍA,69,-,
2022-07-10,TARDE,20,-,
2022-07-10,NOCHE,79,-,
2022-07-11,MEDIODÍA,76,-,
2022-07-11,TARDE,61,-,
2022-07-11,NOCHE,64,-,
2022-07-12,MEDIODÍA,49,-,
2022-07-12,TARDE,76,-,
2022-07-12,NOCHE,0,-,
2022-07-13,MEDIODÍA,84,-,
2022-07-13,TARDE,69,-,
2022-07-13,NOCHE,51,-,
2022-07-14,MEDIODÍA,3,-,
2022-07-14,TARDE,87,-,
2022-07-14,NOCHE,10,-,
2022-07-15,MEDIODÍA,68,-,
2022-07-15,TARDE,30,-,
2022-07-15,NOCHE,63,-,
2022-07-16,MEDIODÍA,13,-,
2022-07-16,TARDE,47,-,
2022-07-16,NOCHE,77,-,
2022-07-17,MEDIODÍA,3,-,
2022-07-17,TARDE,20,-,
2022-07-17,NOCHE,39,-,
2022-07-18,MEDIODÍA,38,-,
2022-07-18,TARDE,55,-,
2022-07-18,NOCHE,56,-,
2022-07-19,MEDIODÍA,61,-,
2022-07-19,TARDE,36,-,
2022-07-19,NOCHE,26,-,
2022-07-20,MEDIODÍA,66,-,
2022-07-20,TARDE,57,-,
2022-07-20,NOCHE,1,-,
2022-07-21,MEDIODÍA,36,-,
2022-07-21,TARDE,36,-,
2022-07-21,NOCHE,59,-,
2022-07-22,MEDIODÍA,79,-,
2022-07-22,TARDE,69,-,
2022-07-22,NOCHE,46,-,
2022-07-23,MEDIODÍA,37,-,
2022-07-23,TARDE,8,-,
2022-07-23,NOCHE,68,-,
2022-07-24,MEDIODÍA,23,-,
2022-07-24,TARDE,46,-,
2022-07-24,NOCHE,4,-,
2022-07-25,MEDIODÍA,78,-,
2022-07-25,TARDE,96,-,
2022-07-25,NOCHE,15,-,
2022-07-26,MEDIODÍA,77,-,
2022-07-26,TARDE,6,-,
2022-07-26,NOCHE,69,-,
2022-07-27,MEDIODÍA,8,-,
2022-07-27,TARDE,25,-,
2022-07-27,NOCHE,72,-,
2022-07-28,MEDIODÍA,47,-,
2022-07-28,TARDE,99,-,
2022-07-28,NOCHE,4,-,
2022-07-29,MEDIODÍA,97,-,
2022-07-29,TARDE,69,-,
2022-07-29,NOCHE,56,-,
2022-07-30,MEDIODÍA,49,-,
2022-07-30,TARDE,18,-,
2022-07-30,NOCHE,50,-,
2022-07-31,MEDIODÍA,47,-,
2022-07-31,TARDE,9,-,
2022-07-31,NOCHE,41,-,
2022-08-01,MEDIODÍA,26,-,
2022-08-01,TARDE,10,-,
2022-08-01,NOCHE,59,-,
2022-08-02,MEDIODÍA,56,-,
2022-08-02,TARDE,94,-,
2022-08-02,NOCHE,75,-,
2022-08-03,MEDIODÍA,53,-,
2022-08-03,TARDE,30,-,
2022-08-03,NOCHE,53,-,
2022-08-04,MEDIODÍA,82,-,
2022-08-04,TARDE,59,-,
2022-08-04,NOCHE,33,-,
2022-08-05,MEDIODÍA,10,-,
2022-08-05,TARDE,85,-,
2022-08-05,NOCHE,84,-,
2022-08-06,MEDIODÍA,53,-,
2022-08-06,TARDE,47,-,
2022-08-06,NOCHE,48,-,
2022-08-07,MEDIODÍA,6,-,
2022-08-07,TARDE,49,-,
2022-08-07,NOCHE,70,-,
2022-08-08,MEDIODÍA,75,-,
2022-08-08,TARDE,34,-,
2022-08-08,NOCHE,10,-,
2022-08-09,MEDIODÍA,11,-,
2022-08-09,TARDE,18,-,
2022-08-09,NOCHE,91,-,
2022-08-10,MEDIODÍA,82,-,
2022-08-10,TARDE,85,-,
2022-08-10,NOCHE,28,-,
2022-08-11,MEDIODÍA,38,-,
2022-08-11,TARDE,89,-,
2022-08-11,NOCHE,45,-,
2022-08-12,MEDIODÍA,64,-,
2022-08-12,TARDE,90,-,
2022-08-12,NOCHE,53,-,
2022-08-13,MEDIODÍA,25,-,
2022-08-13,TARDE,8,-,
2022-08-13,NOCHE,69,-,
2022-08-14,MEDIODÍA,68,-,
2022-08-14,TARDE,32,-,
2022-08-14,NOCHE,11,-,
2022-08-15,MEDIODÍA,46,-,
2022-08-15,TARDE,69,-,
2022-08-15,NOCHE,56,-,
2022-08-16,MEDIODÍA,88,-,
2022-08-16,TARDE,27,-,
2022-08-16,NOCHE,24,-,
2022-08-17,MEDIODÍA,46,-,
2022-08-17,TARDE,10,-,
2022-08-17,NOCHE,56,-,
2022-08-18,MEDIODÍA,72,-,
2022-08-18,TARDE,22,-,
2022-08-18,NOCHE,86,-,
2022-08-19,MEDIODÍA,96,-,
2022-08-19,TARDE,26,-,
2022-08-19,NOCHE,76,-,
2022-08-20,MEDIODÍA,91,-,
2022-08-20,TARDE,76,-,
2022-08-20,NOCHE,52,-,
2022-08-21,MEDIODÍA,83,-,
2022-08-21,TARDE,87,-,
2022-08-21,NOCHE,11,-,
2022-08-22,MEDIODÍA,20,-,
2022-08-22,TARDE,41,-,
2022-08-22,NOCHE,12,-,
2022-08-23,MEDIODÍA,9,-,
2022-08-23,TARDE,12,-,
2022-08-23,NOCHE,28,-,
2022-08-24,MEDIODÍA,19,-,
2022-08-24,TARDE,33,-,
2022-08-24,NOCHE,45,-,
2022-08-25,MEDIODÍA,14,-,
2022-08-25,TARDE,28,-,
2022-08-25,NOCHE,48,-,
2022-08-26,MEDIODÍA,81,-,
2022-08-26,TARDE,89,-,
2022-08-26,NOCHE,34,-,
2022-08-27,MEDIODÍA,99,-,
2022-08-27,TARDE,30,-,
2022-08-27,NOCHE,9,-,
2022-08-28,MEDIODÍA,18,-,
2022-08-28,TARDE,25,-,
2022-08-28,NOCHE,3,-,
2022-08-29,MEDIODÍA,22,-,
2022-08-29,TARDE,5,-,
2022-08-29,NOCHE,58,-,
2022-08-30,MEDIODÍA,61,-,
2022-08-30,TARDE,24,-,
2022-08-30,NOCHE,60,-,
2022-08-31,MEDIODÍA,0,-,
2022-08-31,TARDE,22,-,
2022-08-31,NOCHE,59,-,
2022-10-01,MEDIODÍA,50,-,
2022-10-01,TARDE,12,-,
2022-10-01,NOCHE,13,-,
2022-10-02,MEDIODÍA,59,-,
2022-10-02,TARDE,2,-,
2022-10-02,NOCHE,15,-,
2022-10-03,MEDIODÍA,72,-,
2022-10-03,TARDE,65,-,
2022-10-03,NOCHE,27,-,
2022-10-04,MEDIODÍA,42,-,
2022-10-04,TARDE,17,-,
2022-10-04,NOCHE,89,-,
2022-10-05,MEDIODÍA,1,-,
2022-10-05,TARDE,80,-,
2022-10-05,NOCHE,63,-,
2022-10-06,MEDIODÍA,42,-,
2022-10-06,TARDE,69,-,
2022-10-06,NOCHE,58,-,
2022-10-07,MEDIODÍA,58,-,
2022-10-07,TARDE,92,-,
2022-10-07,NOCHE,3,-,
2022-10-08,MEDIODÍA,13,-,
2022-10-08,TARDE,55,-,
2022-10-08,NOCHE,2,-,
2022-10-09,MEDIODÍA,69,-,
2022-10-09,TARDE,2,-,
2022-10-09,NOCHE,31,-,
2022-10-10,MEDIODÍA,66,-,
2022-10-10,TARDE,76,-,
2022-10-10,NOCHE,83,-,
2022-10-11,MEDIODÍA,85,-,
2022-10-11,TARDE,84,-,
2022-10-11,NOCHE,65,-,
2022-10-12,MEDIODÍA,29,-,
2022-10-12,TARDE,5,-,
2022-10-12,NOCHE,86,-,
2022-10-13,MEDIODÍA,37,-,
2022-10-13,TARDE,57,-,
2022-10-13,NOCHE,62,-,
2022-10-14,MEDIODÍA,57,-,
2022-10-14,TARDE,58,-,
2022-10-14,NOCHE,14,-,
2022-10-15,MEDIODÍA,54,-,
2022-10-15,TARDE,51,-,
2022-10-15,NOCHE,49,-,
2022-10-16,MEDIODÍA,29,-,
2022-10-16,TARDE,6,-,
2022-10-16,NOCHE,41,-,
2022-10-17,MEDIODÍA,58,-,
2022-10-17,TARDE,79,-,
2022-10-17,NOCHE,91,-,
2022-10-18,MEDIODÍA,73,-,
2022-10-18,TARDE,86,-,
2022-10-18,NOCHE,82,-,
2022-10-19,MEDIODÍA,34,-,
2022-10-19,TARDE,90,-,
2022-10-19,NOCHE,88,-,
2022-10-20,MEDIODÍA,53,-,
2022-10-20,TARDE,86,-,
2022-10-20,NOCHE,69,-,
2022-10-21,MEDIODÍA,39,-,
2022-10-21,TARDE,2,-,
2022-10-21,NOCHE,90,-,
2022-10-22,MEDIODÍA,80,-,
2022-10-22,TARDE,22,-,
2022-10-22,NOCHE,65,-,
2022-10-23,MEDIODÍA,10,-,
2022-10-23,TARDE,76,-,
2022-10-23,NOCHE,33,-,
2022-10-24,MEDIODÍA,55,-,
2022-10-24,TARDE,85,-,
2022-10-24,NOCHE,45,-,
2022-10-25,MEDIODÍA,19,-,
2022-10-25,TARDE,11,-,
2022-10-25,NOCHE,24,-,
2022-10-26,MEDIODÍA,63,-,
2022-10-26,TARDE,98,-,
2022-10-26,NOCHE,5,-,
2022-10-27,MEDIODÍA,70,-,
2022-10-27,TARDE,73,-,
2022-10-27,NOCHE,29,-,
2022-10-28,MEDIODÍA,66,-,
2022-10-28,TARDE,64,-,
2022-10-28,NOCHE,35,-,
2022-10-29,MEDIODÍA,34,-,
2022-10-29,TARDE,12,-,
2022-10-29,NOCHE,44,-,
2022-10-30,MEDIODÍA,14,-,
2022-10-30,TARDE,43,-,
2022-10-30,NOCHE,29,-,
2022-10-31,MEDIODÍA,20,-,
2022-10-31,TARDE,79,-,
2022-10-31,NOCHE,88,-,
2022-11-01,MEDIODÍA,33,-,
2022-11-01,TARDE,88,-,
2022-11-01,NOCHE,3,-,
2022-11-02,MEDIODÍA,94,-,
2022-11-02,TARDE,43,-,
2022-11-02,NOCHE,91,-,
2022-11-03,MEDIODÍA,98,-,
2022-11-03,TARDE,31,-,
2022-11-03,NOCHE,70,-,
2022-11-04,MEDIODÍA,21,-,
2022-11-04,TARDE,54,-,
2022-11-04,NOCHE,44,-,
2022-11-05,MEDIODÍA,19,-,
2022-11-05,TARDE,22,-,
2022-11-05,NOCHE,26,-,
2022-11-06,MEDIODÍA,16,-,
2022-11-06,TARDE,92,-,
2022-11-06,NOCHE,60,-,
2022-11-07,MEDIODÍA,38,-,
2022-11-07,TARDE,52,-,
2022-11-07,NOCHE,71,-,
2022-11-08,MEDIODÍA,59,-,
2022-11-08,TARDE,53,-,
2022-11-08,NOCHE,71,-,
2022-11-09,MEDIODÍA,73,-,
2022-11-09,TARDE,29,-,
2022-11-09,NOCHE,4,-,
2022-11-10,MEDIODÍA,94,-,
2022-11-10,TARDE,6,-,
2022-11-10,NOCHE,11,-,
2022-11-11,MEDIODÍA,2,-,
2022-11-11,TARDE,7,-,
2022-11-11,NOCHE,54,-,
2022-11-12,MEDIODÍA,12,-,
2022-11-12,TARDE,11,-,
2022-11-12,NOCHE,37,-,
2022-11-13,MEDIODÍA,77,-,
2022-11-13,TARDE,10,-,
2022-11-13,NOCHE,81,-,
2022-11-14,MEDIODÍA,90,-,
2022-11-14,TARDE,89,-,
2022-11-14,NOCHE,80,-,
2022-11-15,MEDIODÍA,8,-,
2022-11-15,TARDE,55,-,
2022-11-15,NOCHE,94,-,
2022-11-16,MEDIODÍA,95,-,
2022-11-16,TARDE,62,-,
2022-11-16,NOCHE,30,-,
2022-11-17,MEDIODÍA,86,-,
2022-11-17,TARDE,31,-,
2022-11-17,NOCHE,70,-,
2022-11-18,MEDIODÍA,10,-,
2022-11-18,TARDE,72,-,
2022-11-18,NOCHE,44,-,
2022-11-19,MEDIODÍA,21,-,
2022-11-19,TARDE,18,-,
2022-11-19,NOCHE,94,-,
2022-11-20,MEDIODÍA,90,-,
2022-11-20,TARDE,66,-,
2022-11-20,NOCHE,66,-,
2022-11-21,MEDIODÍA,90,-,
2022-11-21,TARDE,10,-,
2022-11-21,NOCHE,73,-,
2022-11-22,MEDIODÍA,14,-,
2022-11-22,TARDE,74,-,
2022-11-22,NOCHE,99,-,
2022-11-23,MEDIODÍA,58,-,
2022-11-23,TARDE,6,-,
2022-11-23,NOCHE,59,-,
2022-11-24,MEDIODÍA,6,-,
2022-11-24,TARDE,28,-,
2022-11-24,NOCHE,60,-,
2022-11-25,MEDIODÍA,91,-,
2022-11-25,TARDE,46,-,
2022-11-25,NOCHE,4,-,
2022-11-26,MEDIODÍA,10,-,
2022-11-26,TARDE,97,-,
2022-11-26,NOCHE,59,-,
2022-11-27,MEDIODÍA,58,-,
2022-11-27,TARDE,9,-,
2022-11-27,NOCHE,53,-,
2022-11-28,MEDIODÍA,46,-,
2022-11-28,TARDE,57,-,
2022-11-28,NOCHE,12,-,
2022-11-29,MEDIODÍA,57,-,
2022-11-29,TARDE,76,-,
2022-11-29,NOCHE,48,-,
2022-11-30,MEDIODÍA,98,-,
2022-11-30,TARDE,69,-,
2022-11-30,NOCHE,32,-,
2022-12-01,MEDIODÍA,43,-,
2022-12-01,TARDE,55,-,
2022-12-01,NOCHE,8,-,
2022-12-02,MEDIODÍA,5,-,
2022-12-02,TARDE,11,-,
2022-12-02,NOCHE,55,-,
2022-12-03,MEDIODÍA,85,-,
2022-12-03,TARDE,49,-,
2022-12-03,NOCHE,60,-,
2022-12-04,MEDIODÍA,74,-,
2022-12-04,TARDE,60,-,
2022-12-04,NOCHE,9,-,
2022-12-05,MEDIODÍA,78,-,
2022-12-05,TARDE,23,-,
2022-12-05,NOCHE,9,-,
2022-12-06,MEDIODÍA,21,-,
2022-12-06,TARDE,95,-,
2022-12-06,NOCHE,24,-,
2022-12-07,MEDIODÍA,42,-,
2022-12-07,TARDE,50,-,
2022-12-07,NOCHE,89,-,
2022-12-08,MEDIODÍA,5,-,
2022-12-08,TARDE,14,-,
2022-12-08,NOCHE,0,-,
2022-12-09,MEDIODÍA,79,-,
2022-12-09,TARDE,10,-,
2022-12-09,NOCHE,48,-,
2022-12-10,MEDIODÍA,99,-,
2022-12-10,TARDE,99,-,
2022-12-10,NOCHE,42,-,
2022-12-11,MEDIODÍA,14,-,
2022-12-11,TARDE,84,-,
2022-12-11,NOCHE,4,-,
2022-12-12,MEDIODÍA,46,-,
2022-12-12,TARDE,52,-,
2022-12-12,NOCHE,21,-,
2022-12-13,MEDIODÍA,84,-,
2022-12-13,TARDE,77,-,
2022-12-13,NOCHE,58,-,
2022-12-14,MEDIODÍA,46,-,
2022-12-14,TARDE,42,-,
2022-12-14,NOCHE,86,-,
2022-12-15,MEDIODÍA,27,-,
2022-12-15,TARDE,91,-,
2022-12-15,NOCHE,95,-,
2022-12-16,MEDIODÍA,68,-,
2022-12-16,TARDE,69,-,
2022-12-16,NOCHE,53,-,
2022-12-17,MEDIODÍA,69,-,
2022-12-17,TARDE,33,-,
2022-12-17,NOCHE,35,-,
2022-12-18,MEDIODÍA,74,-,
2022-12-18,TARDE,10,-,
2022-12-18,NOCHE,0,-,
2022-12-19,MEDIODÍA,35,-,
2022-12-19,TARDE,49,-,
2022-12-19,NOCHE,40,-,
2022-12-20,MEDIODÍA,90,-,
2022-12-20,TARDE,87,-,
2022-12-20,NOCHE,26,-,
2022-12-21,MEDIODÍA,96,-,
2022-12-21,TARDE,89,-,
2022-12-21,NOCHE,67,-,
2022-12-22,MEDIODÍA,51,-,
2022-12-22,TARDE,99,-,
2022-12-22,NOCHE,70,-,
2022-12-23,MEDIODÍA,90,-,
2022-12-23,TARDE,8,-,
2022-12-23,NOCHE,50,-,
2022-12-24,MEDIODÍA,30,-,
2022-12-24,TARDE,71,-,
2022-12-26,MEDIODÍA,13,-,
2022-12-26,TARDE,53,-,
2022-12-26,NOCHE,47,-,
2022-12-27,MEDIODÍA,77,-,
2022-12-27,TARDE,40,-,
2022-12-27,NOCHE,57,-,
2022-12-28,MEDIODÍA,39,-,
2022-12-28,TARDE,59,-,
2022-12-28,NOCHE,0,-,
2022-12-29,MEDIODÍA,38,-,
2022-12-29,TARDE,52,-,
2022-12-29,NOCHE,91,-,
2022-12-30,MEDIODÍA,71,-,
2022-12-30,TARDE,69,-,
2022-12-30,NOCHE,80,-,
2022-12-31,MEDIODÍA,72,-,
2022-12-31,TARDE,76,-,
2023-01-02,MEDIODÍA,21,-,
2023-01-02,TARDE,28,-,
2023-01-02,NOCHE,51,-,
2023-01-03,MEDIODÍA,56,-,
2023-01-03,TARDE,65,-,
2023-01-03,NOCHE,40,-,
2023-01-04,MEDIODÍA,92,-,
2023-01-04,TARDE,46,-,
2023-01-04,NOCHE,90,-,
2023-01-05,MEDIODÍA,99,-,
2023-01-05,TARDE,55,-,
2023-01-05,NOCHE,6,-,
2023-01-06,MEDIODÍA,96,-,
2023-01-06,TARDE,88,-,
2023-01-06,NOCHE,18,-,
2023-01-07,MEDIODÍA,47,-,
2023-01-07,TARDE,9,-,
2023-01-07,NOCHE,83,-,
2023-01-08,MEDIODÍA,79,-,
2023-01-08,TARDE,36,-,
2023-01-08,NOCHE,20,-,
2023-01-09,MEDIODÍA,70,-,
2023-01-09,TARDE,1,-,
2023-01-09,NOCHE,82,-,
2023-01-10,MEDIODÍA,96,-,
2023-01-10,TARDE,92,-,
2023-01-10,NOCHE,82,-,
2023-01-11,MEDIODÍA,19,-,
2023-01-11,TARDE,86,-,
2023-01-11,NOCHE,76,-,
2023-01-12,MEDIODÍA,48,-,
2023-01-12,TARDE,61,-,
2023-01-12,NOCHE,74,-,
2023-01-13,MEDIODÍA,93,-,
2023-01-13,TARDE,53,-,
2023-01-13,NOCHE,4,-,
2023-01-14,MEDIODÍA,12,-,
2023-01-14,TARDE,66,-,
2023-01-14,NOCHE,68,-,
2023-01-15,MEDIODÍA,60,-,
2023-01-15,TARDE,98,-,
2023-01-15,NOCHE,81,-,
2023-01-16,MEDIODÍA,6,-,
2023-01-16,TARDE,83,-,
2023-01-16,NOCHE,99,-,
2023-01-17,MEDIODÍA,39,-,
2023-01-17,TARDE,1,-,
2023-01-17,NOCHE,49,-,
2023-01-18,MEDIODÍA,51,-,
2023-01-18,TARDE,17,-,
2023-01-18,NOCHE,92,-,
2023-01-19,MEDIODÍA,86,-,
2023-01-19,TARDE,64,-,
2023-01-19,NOCHE,42,-,
2023-01-20,MEDIODÍA,46,-,
2023-01-20,TARDE,14,-,
2023-01-20,NOCHE,6,-,
2023-01-21,MEDIODÍA,18,-,
2023-01-21,TARDE,57,-,
2023-01-21,NOCHE,94,-,
2023-01-22,MEDIODÍA,69,-,
2023-01-22,TARDE,22,-,
2023-01-22,NOCHE,78,-,
2023-01-23,MEDIODÍA,48,-,
2023-01-23,TARDE,92,-,
2023-01-23,NOCHE,59,-,
2023-01-24,MEDIODÍA,61,-,
2023-01-24,TARDE,67,-,
2023-01-24,NOCHE,76,-,
2023-01-25,MEDIODÍA,3,-,
2023-01-25,TARDE,78,-,
2023-01-25,NOCHE,23,-,
2023-01-26,MEDIODÍA,17,-,
2023-01-26,TARDE,67,-,
2023-01-26,NOCHE,93,-,
2023-01-27,MEDIODÍA,29,-,
2023-01-27,TARDE,84,-,
2023-01-27,NOCHE,72,-,
2023-01-28,MEDIODÍA,64,-,
2023-01-28,TARDE,3,-,
2023-01-28,NOCHE,71,-,
2023-01-29,MEDIODÍA,6,-,
2023-01-29,TARDE,59,-,
2023-01-29,NOCHE,60,-,
2023-01-30,MEDIODÍA,9,-,
2023-01-30,TARDE,44,-,
2023-01-30,NOCHE,4,-,
2023-01-31,MEDIODÍA,82,-,
2023-01-31,TARDE,53,-,
2023-01-31,NOCHE,33,-,
2023-02-01,MEDIODÍA,96,-,
2023-02-01,TARDE,16,-,
2023-02-01,NOCHE,53,-,
2023-02-02,MEDIODÍA,41,-,
2023-02-02,TARDE,67,-,
2023-02-02,NOCHE,5,-,
2023-02-03,MEDIODÍA,21,-,
2023-02-03,TARDE,16,-,
2023-02-03,NOCHE,89,-,
2023-02-04,MEDIODÍA,58,-,
2023-02-04,TARDE,48,-,
2023-02-04,NOCHE,96,-,
2023-02-05,MEDIODÍA,74,-,
2023-02-05,TARDE,2,-,
2023-02-05,NOCHE,78,-,
2023-02-06,MEDIODÍA,15,-,
2023-02-06,TARDE,29,-,
2023-02-06,NOCHE,33,-,
2023-02-07,MEDIODÍA,45,-,
2023-02-07,TARDE,6,-,
2023-02-07,NOCHE,59,-,
2023-02-08,MEDIODÍA,69,-,
2023-02-08,TARDE,97,-,
2023-02-08,NOCHE,32,-,
2023-02-09,MEDIODÍA,3,-,
2023-02-09,TARDE,73,-,
2023-02-09,NOCHE,83,-,
2023-02-10,MEDIODÍA,99,-,
2023-02-10,TARDE,8,-,
2023-02-10,NOCHE,5,-,
2023-02-11,MEDIODÍA,26,-,
2023-02-11,TARDE,41,-,
2023-02-11,NOCHE,13,-,
2023-02-12,MEDIODÍA,34,-,
2023-02-12,TARDE,60,-,
2023-02-12,NOCHE,12,-,
2023-02-13,MEDIODÍA,53,-,
2023-02-13,TARDE,26,-,
2023-02-13,NOCHE,4,-,
2023-02-14,MEDIODÍA,45,-,
2023-02-14,TARDE,76,-,
2023-02-14,NOCHE,50,-,
2023-02-15,MEDIODÍA,51,-,
2023-02-15,TARDE,87,-,
2023-02-15,NOCHE,85,-,
2023-02-16,MEDIODÍA,45,-,
2023-02-16,TARDE,95,-,
2023-02-16,NOCHE,25,-,
2023-02-17,MEDIODÍA,88,-,
2023-02-17,TARDE,53,-,
2023-02-17,NOCHE,61,-,
2023-02-18,MEDIODÍA,78,-,
2023-02-18,TARDE,23,-,
2023-02-18,NOCHE,68,-,
2023-02-19,MEDIODÍA,46,-,
2023-02-19,TARDE,93,-,
2023-02-19,NOCHE,54,-,
2023-02-20,MEDIODÍA,63,-,
2023-02-20,TARDE,56,-,
2023-02-20,NOCHE,41,-,
2023-02-21,MEDIODÍA,8,-,
2023-02-21,TARDE,57,-,
2023-02-21,NOCHE,58,-,
2023-02-22,MEDIODÍA,45,-,
2023-02-22,TARDE,65,-,
2023-02-22,NOCHE,38,-,
2023-02-23,MEDIODÍA,97,-,
2023-02-23,TARDE,44,-,
2023-02-23,NOCHE,38,-,
2023-02-24,MEDIODÍA,16,-,
2023-02-24,TARDE,73,-,
2023-02-24,NOCHE,57,-,
2023-02-25,MEDIODÍA,35,-,
2023-02-25,TARDE,43,-,
2023-02-25,NOCHE,90,-,
2023-02-26,MEDIODÍA,7,-,
2023-02-26,TARDE,94,-,
2023-02-26,NOCHE,67,-,
2023-02-27,MEDIODÍA,46,-,
2023-02-27,TARDE,30,-,
2023-02-27,NOCHE,29,-,
2023-02-28,MEDIODÍA,62,-,
2023-02-28,TARDE,50,-,
2023-02-28,NOCHE,64,-,
2023-03-01,MEDIODÍA,87,-,
2023-03-01,TARDE,78,-,
2023-03-01,NOCHE,9,-,
2023-03-02,MEDIODÍA,19,-,
2023-03-02,TARDE,42,-,
2023-03-02,NOCHE,42,-,
2023-03-03,MEDIODÍA,39,-,
2023-03-03,TARDE,22,-,
2023-03-03,NOCHE,97,-,
2023-03-04,MEDIODÍA,39,-,
2023-03-04,TARDE,85,-,
2023-03-04,NOCHE,45,-,
2023-03-05,MEDIODÍA,57,-,
2023-03-05,TARDE,2,-,
2023-03-05,NOCHE,14,-,
2023-03-06,MEDIODÍA,97,-,
2023-03-06,TARDE,0,-,
2023-03-06,NOCHE,73,-,
2023-03-07,MEDIODÍA,67,-,
2023-03-07,TARDE,38,-,
2023-03-07,NOCHE,87,-,
2023-03-08,MEDIODÍA,64,-,
2023-03-08,TARDE,4,-,
2023-03-08,NOCHE,36,-,
2023-03-09,MEDIODÍA,40,-,
2023-03-09,TARDE,41,-,
2023-03-09,NOCHE,77,-,
2023-03-10,MEDIODÍA,90,-,
2023-03-10,TARDE,46,-,
2023-03-10,NOCHE,13,-,
2023-03-11,MEDIODÍA,2,-,
2023-03-11,TARDE,26,-,
2023-03-11,NOCHE,4,-,
2023-03-12,MEDIODÍA,8,-,
2023-03-12,TARDE,86,-,
2023-03-12,NOCHE,46,-,
2023-03-13,MEDIODÍA,11,-,
2023-03-13,TARDE,12,-,
2023-03-13,NOCHE,37,-,
2023-03-14,MEDIODÍA,42,-,
2023-03-14,TARDE,49,-,
2023-03-14,NOCHE,32,-,
2023-03-15,MEDIODÍA,28,-,
2023-03-15,TARDE,37,-,
2023-03-15,NOCHE,31,-,
2023-03-16,MEDIODÍA,4,-,
2023-03-16,TARDE,87,-,
2023-03-16,NOCHE,2,-,
2023-03-17,MEDIODÍA,18,-,
2023-03-17,TARDE,24,-,
2023-03-17,NOCHE,44,-,
2023-03-18,MEDIODÍA,5,-,
2023-03-18,TARDE,29,-,
2023-03-18,NOCHE,27,-,
2023-03-19,MEDIODÍA,11,-,
2023-03-19,TARDE,75,-,
2023-03-19,NOCHE,0,-,
2023-03-20,MEDIODÍA,32,-,
2023-03-20,TARDE,14,-,
2023-03-20,NOCHE,9,-,
2023-03-21,MEDIODÍA,16,-,
2023-03-21,TARDE,82,-,
2023-03-21,NOCHE,67,-,
2023-03-22,MEDIODÍA,13,-,
2023-03-22,TARDE,65,-,
2023-03-22,NOCHE,40,-,
2023-03-23,MEDIODÍA,13,-,
2023-03-23,TARDE,93,-,
2023-03-23,NOCHE,43,-,
2023-03-24,MEDIODÍA,34,-,
2023-03-24,TARDE,57,-,
2023-03-24,NOCHE,7,-,
2023-03-25,MEDIODÍA,82,-,
2023-03-25,TARDE,51,-,
2023-03-25,NOCHE,61,-,
2023-03-26,MEDIODÍA,85,-,
2023-03-26,TARDE,37,-,
2023-03-26,NOCHE,16,-,
2023-03-27,MEDIODÍA,39,-,
2023-03-27,TARDE,83,-,
2023-03-27,NOCHE,22,-,
2023-03-28,MEDIODÍA,93,-,
2023-03-28,TARDE,99,-,
2023-03-28,NOCHE,7,-,
2023-03-29,MEDIODÍA,23,-,
2023-03-29,TARDE,93,-,
2023-03-29,NOCHE,23,-,
2023-03-30,MEDIODÍA,8,-,
2023-03-30,TARDE,97,-,
2023-03-30,NOCHE,96,-,
2023-03-31,MEDIODÍA,49,-,
2023-03-31,TARDE,29,-,
2023-03-31,NOCHE,94,-,
2023-04-01,MEDIODÍA,16,-,
2023-04-01,TARDE,90,-,
2023-04-01,NOCHE,12,-,
2023-04-02,MEDIODÍA,28,-,
2023-04-02,TARDE,21,-,
2023-04-02,NOCHE,58,-,
2023-04-03,MEDIODÍA,26,-,
2023-04-03,TARDE,49,-,
2023-04-03,NOCHE,45,-,
2023-04-04,MEDIODÍA,19,-,
2023-04-04,TARDE,87,-,
2023-04-04,NOCHE,83,-,
2023-04-05,MEDIODÍA,51,-,
2023-04-05,TARDE,14,-,
2023-04-05,NOCHE,74,-,
2023-04-10,MEDIODÍA,15,-,
2023-04-10,TARDE,56,-,
2023-04-10,NOCHE,3,-,
2023-04-11,MEDIODÍA,92,-,
2023-04-11,TARDE,91,-,
2023-04-11,NOCHE,34,-,
2023-04-12,MEDIODÍA,95,-,
2023-04-12,TARDE,91,-,
2023-04-12,NOCHE,33,-,
2023-04-13,MEDIODÍA,43,-,
2023-04-13,TARDE,85,-,
2023-04-13,NOCHE,1,-,
2023-04-14,MEDIODÍA,50,-,
2023-04-14,TARDE,43,-,
2023-04-14,NOCHE,69,-,
2023-04-15,MEDIODÍA,46,-,
2023-04-15,TARDE,15,-,
2023-04-15,NOCHE,83,-,
2023-04-16,MEDIODÍA,9,-,
2023-04-16,TARDE,7,-,
2023-04-16,NOCHE,63,-,
2023-04-17,MEDIODÍA,25,-,
2023-04-17,TARDE,55,-,
2023-04-17,NOCHE,68,-,
2023-04-18,MEDIODÍA,61,-,
2023-04-18,TARDE,59,-,
2023-04-18,NOCHE,26,-,
2023-04-19,MEDIODÍA,57,-,
2023-04-19,TARDE,62,-,
2023-04-19,NOCHE,77,-,
2023-04-20,MEDIODÍA,82,-,
2023-04-20,TARDE,58,-,
2023-04-20,NOCHE,21,-,
2023-04-21,MEDIODÍA,71,-,
2023-04-21,TARDE,22,-,
2023-04-21,NOCHE,86,-,
2023-04-22,MEDIODÍA,82,-,
2023-04-22,TARDE,53,-,
2023-04-22,NOCHE,75,-,
2023-04-23,MEDIODÍA,75,-,
2023-04-23,TARDE,73,-,
2023-04-23,NOCHE,81,-,
2023-04-24,MEDIODÍA,73,-,
2023-04-24,TARDE,62,-,
2023-04-24,NOCHE,20,-,
2023-04-25,MEDIODÍA,75,-,
2023-04-25,TARDE,16,-,
2023-04-25,NOCHE,11,-,
2023-04-26,MEDIODÍA,86,-,
2023-04-26,TARDE,79,-,
2023-04-26,NOCHE,55,-,
2023-04-27,MEDIODÍA,71,-,
2023-04-27,TARDE,87,-,
2023-04-27,NOCHE,32,-,
2023-04-28,MEDIODÍA,73,-,
2023-04-28,TARDE,36,-,
2023-04-28,NOCHE,4,-,
2023-04-29,MEDIODÍA,25,-,
2023-04-29,TARDE,70,-,
2023-04-29,NOCHE,61,-,
2023-04-30,MEDIODÍA,65,-,
2023-04-30,TARDE,29,-,
2023-04-30,NOCHE,96,-,
2023-05-01,MEDIODÍA,65,-,
2023-05-01,TARDE,31,-,
2023-05-01,NOCHE,25,-,
2023-05-02,MEDIODÍA,67,-,
2023-05-02,TARDE,83,-,
2023-05-02,NOCHE,51,-,
2023-05-03,MEDIODÍA,80,-,
2023-05-03,TARDE,68,-,
2023-05-03,NOCHE,25,-,
2023-05-04,MEDIODÍA,6,-,
2023-05-04,TARDE,46,-,
2023-05-04,NOCHE,2,-,
2023-05-05,MEDIODÍA,66,-,
2023-05-05,TARDE,5,-,
2023-05-05,NOCHE,30,-,
2023-05-06,MEDIODÍA,68,-,
2023-05-06,TARDE,6,-,
2023-05-06,NOCHE,71,-,
2023-05-07,MEDIODÍA,78,-,
2023-05-07,TARDE,7,-,
2023-05-07,NOCHE,16,-,
2023-05-08,MEDIODÍA,85,-,
2023-05-08,TARDE,40,-,
2023-05-08,NOCHE,69,-,
2023-05-09,MEDIODÍA,52,-,
2023-05-09,TARDE,89,-,
2023-05-09,NOCHE,47,-,
2023-05-10,MEDIODÍA,76,-,
2023-05-10,TARDE,17,-,
2023-05-10,NOCHE,82,-,
2023-05-11,MEDIODÍA,2,-,
2023-05-11,TARDE,2,-,
2023-05-11,NOCHE,73,-,
2023-05-12,MEDIODÍA,69,-,
2023-05-12,TARDE,88,-,
2023-05-12,NOCHE,26,-,
2023-05-13,MEDIODÍA,56,-,
2023-05-13,TARDE,95,-,
2023-05-13,NOCHE,2,-,
2023-05-14,MEDIODÍA,92,-,
2023-05-14,TARDE,64,-,
2023-05-14,NOCHE,90,-,
2023-05-15,MEDIODÍA,20,-,
2023-05-15,TARDE,79,-,
2023-05-15,NOCHE,12,-,
2023-05-16,MEDIODÍA,85,-,
2023-05-16,TARDE,87,-,
2023-05-16,NOCHE,79,-,
2023-05-17,MEDIODÍA,78,-,
2023-05-17,TARDE,69,-,
2023-05-17,NOCHE,20,-,
2023-05-18,MEDIODÍA,31,-,
2023-05-18,TARDE,51,-,
2023-05-18,NOCHE,54,-,
2023-05-19,MEDIODÍA,24,-,
2023-05-19,TARDE,69,-,
2023-05-19,NOCHE,57,-,
2023-05-20,MEDIODÍA,98,-,
2023-05-20,TARDE,65,-,
2023-05-20,NOCHE,80,-,
2023-05-21,MEDIODÍA,55,-,
2023-05-21,TARDE,23,-,
2023-05-21,NOCHE,55,-,
2023-05-22,MEDIODÍA,13,-,
2023-05-22,TARDE,95,-,
2023-05-22,NOCHE,31,-,
2023-05-23,MEDIODÍA,22,-,
2023-05-23,TARDE,83,-,
2023-05-23,NOCHE,89,-,
2023-05-24,MEDIODÍA,90,-,
2023-05-24,TARDE,70,-,
2023-05-24,NOCHE,75,-,
2023-05-25,MEDIODÍA,61,-,
2023-05-25,TARDE,30,-,
2023-05-25,NOCHE,52,-,
2023-05-26,MEDIODÍA,61,-,
2023-05-26,TARDE,98,-,
2023-05-26,NOCHE,60,-,
2023-05-27,MEDIODÍA,80,-,
2023-05-27,TARDE,9,-,
2023-05-27,NOCHE,13,-,
2023-05-28,MEDIODÍA,2,-,
2023-05-28,TARDE,64,-,
2023-05-28,NOCHE,22,-,
2023-05-29,MEDIODÍA,27,-,
2023-05-29,TARDE,92,-,
2023-05-29,NOCHE,21,-,
2023-05-30,MEDIODÍA,16,-,
2023-05-30,TARDE,35,-,
2023-05-30,NOCHE,90,-,
2023-05-31,MEDIODÍA,35,-,
2023-05-31,TARDE,15,-,
2023-05-31,NOCHE,83,-,
2023-06-01,MEDIODÍA,45,-,
2023-06-01,TARDE,32,-,
2023-06-01,NOCHE,91,-,
2023-06-02,MEDIODÍA,95,-,
2023-06-02,TARDE,45,-,
2023-06-02,NOCHE,18,-,
2023-06-03,MEDIODÍA,96,-,
2023-06-03,TARDE,2,-,
2023-06-03,NOCHE,52,-,
2023-06-04,MEDIODÍA,62,-,
2023-06-04,TARDE,14,-,
2023-06-04,NOCHE,87,-,
2023-06-05,MEDIODÍA,75,-,
2023-06-05,TARDE,53,-,
2023-06-05,NOCHE,21,-,
2023-06-06,MEDIODÍA,49,-,
2023-06-06,TARDE,56,-,
2023-06-06,NOCHE,83,-,
2023-06-07,MEDIODÍA,80,-,
2023-06-07,TARDE,32,-,
2023-06-07,NOCHE,69,-,
2023-06-08,MEDIODÍA,10,-,
2023-06-08,TARDE,16,-,
2023-06-08,NOCHE,87,-,
2023-06-09,MEDIODÍA,1,-,
2023-06-09,TARDE,66,-,
2023-06-09,NOCHE,10,-,
2023-06-10,MEDIODÍA,29,-,
2023-06-10,TARDE,15,-,
2023-06-10,NOCHE,84,-,
2023-06-11,MEDIODÍA,70,-,
2023-06-11,TARDE,84,-,
2023-06-11,NOCHE,12,-,
2023-06-12,MEDIODÍA,8,-,
2023-06-12,TARDE,84,-,
2023-06-12,NOCHE,5,-,
2023-06-13,MEDIODÍA,58,-,
2023-06-13,TARDE,81,-,
2023-06-13,NOCHE,23,-,
2023-06-14,MEDIODÍA,23,-,
2023-06-14,TARDE,23,-,
2023-06-14,NOCHE,56,-,
2023-06-15,MEDIODÍA,94,-,
2023-06-15,TARDE,86,-,
2023-06-15,NOCHE,79,-,
2023-06-16,MEDIODÍA,86,-,
2023-06-16,TARDE,68,-,
2023-06-16,NOCHE,91,-,
2023-06-17,MEDIODÍA,93,-,
2023-06-17,TARDE,4,-,
2023-06-17,NOCHE,7,-,
2023-06-18,MEDIODÍA,81,-,
2023-06-18,TARDE,99,-,
2023-06-18,NOCHE,85,-,
2023-06-19,MEDIODÍA,28,-,
2023-06-19,TARDE,16,-,
2023-06-19,NOCHE,84,-,
2023-06-20,MEDIODÍA,63,-,
2023-06-20,TARDE,0,-,
2023-06-20,NOCHE,76,-,
2023-06-21,MEDIODÍA,90,-,
2023-06-21,TARDE,66,-,
2023-06-21,NOCHE,96,-,
2023-06-22,MEDIODÍA,13,-,
2023-06-22,TARDE,46,-,
2023-06-22,NOCHE,79,-,
2023-06-23,MEDIODÍA,41,-,
2023-06-23,TARDE,21,-,
2023-06-23,NOCHE,27,-,
2023-06-24,MEDIODÍA,56,-,
2023-06-24,TARDE,9,-,
2023-06-24,NOCHE,64,-,
2023-06-25,MEDIODÍA,94,-,
2023-06-25,TARDE,77,-,
2023-06-25,NOCHE,59,-,
2023-06-26,MEDIODÍA,53,-,
2023-06-26,TARDE,62,-,
2023-06-26,NOCHE,30,-,
2023-06-27,MEDIODÍA,0,-,
2023-06-27,TARDE,35,-,
2023-06-27,NOCHE,66,-,
2023-06-28,MEDIODÍA,54,-,
2023-06-28,TARDE,39,-,
2023-06-28,NOCHE,22,-,
2023-06-29,MEDIODÍA,40,-,
2023-06-29,TARDE,88,-,
2023-06-29,NOCHE,21,-,
2023-06-30,MEDIODÍA,74,-,
2023-06-30,TARDE,29,-,
2023-06-30,NOCHE,31,-,
2023-07-01,MEDIODÍA,74,-,
2023-07-01,TARDE,39,-,
2023-07-01,NOCHE,7,-,
2023-07-02,MEDIODÍA,53,-,
2023-07-02,TARDE,71,-,
2023-07-02,NOCHE,92,-,
2023-07-03,MEDIODÍA,86,-,
2023-07-03,TARDE,78,-,
2023-07-03,NOCHE,57,-,
2023-07-04,MEDIODÍA,68,-,
2023-07-04,TARDE,10,-,
2023-07-04,NOCHE,92,-,
2023-07-05,MEDIODÍA,56,-,
2023-07-05,TARDE,61,-,
2023-07-05,NOCHE,92,-,
2023-07-06,MEDIODÍA,35,-,
2023-07-06,TARDE,21,-,
2023-07-06,NOCHE,4,-,
2023-07-07,MEDIODÍA,5,-,
2023-07-07,TARDE,55,-,
2023-07-07,NOCHE,41,-,
2023-07-08,MEDIODÍA,34,-,
2023-07-08,TARDE,6,-,
2023-07-08,NOCHE,38,-,
2023-07-09,MEDIODÍA,80,-,
2023-07-09,TARDE,21,-,
2023-07-09,NOCHE,83,-,
2023-07-10,MEDIODÍA,48,-,
2023-07-10,TARDE,19,-,
2023-07-10,NOCHE,86,-,
2023-07-11,MEDIODÍA,10,-,
2023-07-11,TARDE,56,-,
2023-07-11,NOCHE,18,-,
2023-07-12,MEDIODÍA,96,-,
2023-07-12,TARDE,16,-,
2023-07-12,NOCHE,94,-,
2023-07-13,MEDIODÍA,98,-,
2023-07-13,TARDE,73,-,
2023-07-13,NOCHE,24,-,
2023-07-14,MEDIODÍA,6,-,
2023-07-14,TARDE,33,-,
2023-07-14,NOCHE,91,-,
2023-07-15,MEDIODÍA,43,-,
2023-07-15,TARDE,1,-,
2023-07-15,NOCHE,79,-,
2023-07-16,MEDIODÍA,44,-,
2023-07-16,TARDE,12,-,
2023-07-16,NOCHE,19,-,
2023-07-17,MEDIODÍA,60,-,
2023-07-17,TARDE,81,-,
2023-07-17,NOCHE,22,-,
2023-07-18,MEDIODÍA,15,-,
2023-07-18,TARDE,72,-,
2023-07-18,NOCHE,74,-,
2023-07-19,MEDIODÍA,61,-,
2023-07-19,TARDE,25,-,
2023-07-19,NOCHE,75,-,
2023-07-20,MEDIODÍA,12,-,
2023-07-20,TARDE,85,-,
2023-07-20,NOCHE,61,-,
2023-07-21,MEDIODÍA,39,-,
2023-07-21,TARDE,89,-,
2023-07-21,NOCHE,30,-,
2023-07-22,MEDIODÍA,52,-,
2023-07-22,TARDE,42,-,
2023-07-22,NOCHE,28,-,
2023-07-23,MEDIODÍA,28,-,
2023-07-23,TARDE,36,-,
2023-07-23,NOCHE,60,-,
2023-07-24,MEDIODÍA,91,-,
2023-07-24,TARDE,39,-,
2023-07-24,NOCHE,55,-,
2023-07-25,MEDIODÍA,15,-,
2023-07-25,TARDE,82,-,
2023-07-25,NOCHE,29,-,
2023-07-26,MEDIODÍA,49,-,
2023-07-26,TARDE,32,-,
2023-07-26,NOCHE,92,-,
2023-07-27,MEDIODÍA,76,-,
2023-07-27,TARDE,20,-,
2023-07-27,NOCHE,97,-,
2023-07-28,MEDIODÍA,91,-,
2023-07-28,TARDE,37,-,
2023-07-28,NOCHE,91,-,
2023-07-29,MEDIODÍA,47,-,
2023-07-29,TARDE,45,-,
2023-07-29,NOCHE,9,-,
2023-07-30,MEDIODÍA,13,-,
2023-07-30,TARDE,92,-,
2023-07-30,NOCHE,40,-,
2023-07-31,MEDIODÍA,38,-,
2023-07-31,TARDE,24,-,
2023-07-31,NOCHE,97,-,
2023-08-01,MEDIODÍA,60,-,
2023-08-01,TARDE,73,-,
2023-08-01,NOCHE,36,-,
2023-08-02,MEDIODÍA,33,-,
2023-08-02,TARDE,7,-,
2023-08-02,NOCHE,30,-,
2023-08-03,MEDIODÍA,41,-,
2023-08-03,TARDE,99,-,
2023-08-03,NOCHE,27,-,
2023-08-04,MEDIODÍA,76,-,
2023-08-04,TARDE,12,-,
2023-08-04,NOCHE,81,-,
2023-08-05,MEDIODÍA,22,-,
2023-08-05,TARDE,16,-,
2023-08-05,NOCHE,14,-,
2023-08-06,MEDIODÍA,63,-,
2023-08-06,TARDE,11,-,
2023-08-06,NOCHE,22,-,
2023-08-07,MEDIODÍA,68,-,
2023-08-07,TARDE,5,-,
2023-08-07,NOCHE,82,-,
2023-08-08,MEDIODÍA,47,-,
2023-08-08,TARDE,16,-,
2023-08-08,NOCHE,3,-,
2023-08-09,MEDIODÍA,95,-,
2023-08-09,TARDE,21,-,
2023-08-09,NOCHE,44,-,
2023-08-10,MEDIODÍA,77,-,
2023-08-10,TARDE,73,-,
2023-08-10,NOCHE,88,-,
2023-08-11,MEDIODÍA,55,-,
2023-08-11,TARDE,21,-,
2023-08-11,NOCHE,97,-,
2023-08-12,MEDIODÍA,5,-,
2023-08-12,TARDE,26,-,
2023-08-12,NOCHE,4,-,
2023-08-13,MEDIODÍA,36,-,
2023-08-13,TARDE,34,-,
2023-08-13,NOCHE,21,-,
2023-08-14,MEDIODÍA,64,-,
2023-08-14,TARDE,10,-,
2023-08-14,NOCHE,52,-,
2023-08-15,MEDIODÍA,91,-,
2023-08-15,TARDE,12,-,
2023-08-15,NOCHE,11,-,
2023-08-16,MEDIODÍA,24,-,
2023-08-16,TARDE,94,-,
2023-08-16,NOCHE,48,-,
2023-08-17,MEDIODÍA,41,-,
2023-08-17,TARDE,3,-,
2023-08-17,NOCHE,77,-,
2023-08-18,MEDIODÍA,51,-,
2023-08-18,TARDE,82,-,
2023-08-18,NOCHE,63,-,
2023-08-19,MEDIODÍA,78,-,
2023-08-19,TARDE,19,-,
2023-08-19,NOCHE,61,-,
2023-08-20,MEDIODÍA,71,-,
2023-08-20,TARDE,64,-,
2023-08-20,NOCHE,94,-,
2023-08-21,MEDIODÍA,1,-,
2023-08-21,TARDE,71,-,
2023-08-21,NOCHE,93,-,
2023-08-22,MEDIODÍA,42,-,
2023-08-22,TARDE,29,-,
2023-08-22,NOCHE,9,-,
2023-08-23,MEDIODÍA,91,-,
2023-08-23,TARDE,44,-,
2023-08-23,NOCHE,37,-,
2023-08-24,MEDIODÍA,1,-,
2023-08-24,TARDE,16,-,
2023-08-24,NOCHE,88,-,
2023-08-25,MEDIODÍA,0,-,
2023-08-25,TARDE,78,-,
2023-08-25,NOCHE,19,-,
2023-08-26,MEDIODÍA,66,-,
2023-08-26,TARDE,44,-,
2023-08-26,NOCHE,35,-,
2023-08-27,MEDIODÍA,30,-,
2023-08-27,TARDE,48,-,
2023-08-27,NOCHE,67,-,
2023-08-28,MEDIODÍA,32,-,
2023-08-28,TARDE,3,-,
2023-08-28,NOCHE,91,-,
2023-08-29,MEDIODÍA,21,-,
2023-08-29,TARDE,70,-,
2023-08-29,NOCHE,42,-,
2023-08-30,MEDIODÍA,99,-,
2023-08-30,TARDE,97,-,
2023-08-30,NOCHE,82,-,
2023-08-31,MEDIODÍA,92,-,
2023-08-31,TARDE,10,-,
2023-08-31,NOCHE,32,-,
2023-10-01,MEDIODÍA,49,-,
2023-10-01,TARDE,88,-,
2023-10-01,NOCHE,79,-,
2023-10-02,MEDIODÍA,70,-,
2023-10-02,TARDE,39,-,
2023-10-02,NOCHE,7,-,
2023-10-03,MEDIODÍA,69,-,
2023-10-03,TARDE,29,-,
2023-10-03,NOCHE,90,-,
2023-10-04,MEDIODÍA,91,-,
2023-10-04,TARDE,71,-,
2023-10-04,NOCHE,6,-,
2023-10-05,MEDIODÍA,20,-,
2023-10-05,TARDE,86,-,
2023-10-05,NOCHE,24,-,
2023-10-06,MEDIODÍA,88,-,
2023-10-06,TARDE,11,-,
2023-10-06,NOCHE,93,-,
2023-10-07,MEDIODÍA,80,-,
2023-10-07,TARDE,18,-,
2023-10-07,NOCHE,60,-,
2023-10-08,MEDIODÍA,38,-,
2023-10-08,TARDE,2,-,
2023-10-08,NOCHE,51,-,
2023-10-09,MEDIODÍA,35,-,
2023-10-09,TARDE,32,-,
2023-10-09,NOCHE,9,-,
2023-10-10,MEDIODÍA,7,-,
2023-10-10,TARDE,62,-,
2023-10-10,NOCHE,73,-,
2023-10-11,MEDIODÍA,52,-,
2023-10-11,TARDE,84,-,
2023-10-11,NOCHE,63,-,
2023-10-12,MEDIODÍA,25,-,
2023-10-12,TARDE,61,-,
2023-10-12,NOCHE,20,-,
2023-10-13,MEDIODÍA,7,-,
2023-10-13,TARDE,97,-,
2023-10-13,NOCHE,57,-,
2023-10-14,MEDIODÍA,74,-,
2023-10-14,TARDE,2,-,
2023-10-14,NOCHE,21,-,
2023-10-15,MEDIODÍA,55,-,
2023-10-15,TARDE,92,-,
2023-10-15,NOCHE,41,-,
2023-10-16,MEDIODÍA,52,-,
2023-10-16,TARDE,15,-,
2023-10-16,NOCHE,0,-,
2023-10-17,MEDIODÍA,85,-,
2023-10-17,TARDE,26,-,
2023-10-17,NOCHE,25,-,
2023-10-18,MEDIODÍA,70,-,
2023-10-18,TARDE,63,-,
2023-10-18,NOCHE,21,-,
2023-10-19,MEDIODÍA,31,-,
2023-10-19,TARDE,20,-,
2023-10-19,NOCHE,68,-,
2023-10-20,MEDIODÍA,57,-,
2023-10-20,TARDE,66,-,
2023-10-20,NOCHE,81,-,
2023-10-21,MEDIODÍA,62,-,
2023-10-21,TARDE,82,-,
2023-10-21,NOCHE,90,-,
2023-10-22,MEDIODÍA,11,-,
2023-10-22,TARDE,8,-,
2023-10-22,NOCHE,98,-,
2023-10-23,MEDIODÍA,94,-,
2023-10-23,TARDE,67,-,
2023-10-23,NOCHE,72,-,
2023-10-24,MEDIODÍA,29,-,
2023-10-24,TARDE,31,-,
2023-10-24,NOCHE,71,-,
2023-10-25,MEDIODÍA,5,-,
2023-10-25,TARDE,98,-,
2023-10-25,NOCHE,39,-,
2023-10-26,MEDIODÍA,78,-,
2023-10-26,TARDE,52,-,
2023-10-26,NOCHE,89,-,
2023-10-27,MEDIODÍA,75,-,
2023-10-27,TARDE,90,-,
2023-10-27,NOCHE,27,-,
2023-10-28,MEDIODÍA,28,-,
2023-10-28,TARDE,95,-,
2023-10-28,NOCHE,4,-,
2023-10-29,MEDIODÍA,88,-,
2023-10-29,TARDE,69,-,
2023-10-29,NOCHE,84,-,
2023-10-30,MEDIODÍA,34,-,
2023-10-30,TARDE,39,-,
2023-10-30,NOCHE,68,-,
2023-10-31,MEDIODÍA,88,-,
2023-10-31,TARDE,0,-,
2023-10-31,NOCHE,64,-,
2023-11-01,MEDIODÍA,92,-,
2023-11-01,TARDE,3,-,
2023-11-01,NOCHE,41,-,
2023-11-02,MEDIODÍA,22,-,
2023-11-02,TARDE,81,-,
2023-11-02,NOCHE,81,-,
2023-11-03,MEDIODÍA,88,-,
2023-11-03,TARDE,94,-,
2023-11-03,NOCHE,79,-,
2023-11-04,MEDIODÍA,52,-,
2023-11-04,TARDE,13,-,
2023-11-04,NOCHE,86,-,
2023-11-05,MEDIODÍA,36,-,
2023-11-05,TARDE,66,-,
2023-11-05,NOCHE,63,-,
2023-11-06,MEDIODÍA,74,-,
2023-11-06,TARDE,14,-,
2023-11-06,NOCHE,56,-,
2023-11-07,MEDIODÍA,60,-,
2023-11-07,TARDE,6,-,
2023-11-07,NOCHE,55,-,
2023-11-08,MEDIODÍA,12,-,
2023-11-08,TARDE,57,-,
2023-11-08,NOCHE,98,-,
2023-11-09,MEDIODÍA,18,-,
2023-11-09,TARDE,15,-,
2023-11-09,NOCHE,28,-,
2023-11-10,MEDIODÍA,14,-,
2023-11-10,TARDE,38,-,
2023-11-10,NOCHE,18,-,
2023-11-11,MEDIODÍA,37,-,
2023-11-11,TARDE,76,-,
2023-11-11,NOCHE,94,-,
2023-11-12,MEDIODÍA,40,-,
2023-11-12,TARDE,49,-,
2023-11-12,NOCHE,44,-,
2023-11-13,MEDIODÍA,56,-,
2023-11-13,TARDE,9,-,
2023-11-13,NOCHE,57,-,
2023-11-14,MEDIODÍA,63,-,
2023-11-14,TARDE,19,-,
2023-11-14,NOCHE,53,-,
2023-11-15,MEDIODÍA,72,-,
2023-11-15,TARDE,70,-,
2023-11-15,NOCHE,2,-,
2023-11-16,MEDIODÍA,84,-,
2023-11-16,TARDE,58,-,
2023-11-16,NOCHE,3,-,
2023-11-17,MEDIODÍA,35,-,
2023-11-17,TARDE,70,-,
2023-11-17,NOCHE,57,-,
2023-11-18,MEDIODÍA,68,-,
2023-11-18,TARDE,64,-,
2023-11-18,NOCHE,72,-,
2023-11-19,MEDIODÍA,60,-,
2023-11-19,TARDE,51,-,
2023-11-19,NOCHE,27,-,
2023-11-20,MEDIODÍA,9,-,
2023-11-20,TARDE,8,-,
2023-11-20,NOCHE,42,-,
2023-11-21,MEDIODÍA,42,-,
2023-11-21,TARDE,41,-,
2023-11-21,NOCHE,27,-,
2023-11-22,MEDIODÍA,84,-,
2023-11-22,TARDE,78,-,
2023-11-22,NOCHE,9,-,
2023-11-23,MEDIODÍA,24,-,
2023-11-23,TARDE,83,-,
2023-11-23,NOCHE,86,-,
2023-11-24,MEDIODÍA,4,-,
2023-11-24,TARDE,46,-,
2023-11-24,NOCHE,69,-,
2023-11-25,MEDIODÍA,21,-,
2023-11-25,TARDE,48,-,
2023-11-25,NOCHE,51,-,
2023-11-26,MEDIODÍA,98,-,
2023-11-26,TARDE,89,-,
2023-11-26,NOCHE,15,-,
2023-11-27,MEDIODÍA,60,-,
2023-11-27,TARDE,89,-,
2023-11-27,NOCHE,10,-,
2023-11-28,MEDIODÍA,75,-,
2023-11-28,TARDE,52,-,
2023-11-28,NOCHE,36,-,
2023-11-29,MEDIODÍA,64,-,
2023-11-29,TARDE,41,-,
2023-11-29,NOCHE,98,-,
2023-11-30,MEDIODÍA,68,-,
2023-11-30,TARDE,2,-,
2023-11-30,NOCHE,31,-,
2023-12-01,MEDIODÍA,50,-,
2023-12-01,TARDE,30,-,
2023-12-01,NOCHE,75,-,
2023-12-02,MEDIODÍA,80,-,
2023-12-02,TARDE,59,-,
2023-12-02,NOCHE,78,-,
2023-12-03,MEDIODÍA,76,-,
2023-12-03,TARDE,36,-,
2023-12-03,NOCHE,20,-,
2023-12-04,MEDIODÍA,6,-,
2023-12-04,TARDE,9,-,
2023-12-04,NOCHE,92,-,
2023-12-05,MEDIODÍA,68,-,
2023-12-05,TARDE,48,-,
2023-12-05,NOCHE,70,-,
2023-12-06,MEDIODÍA,4,-,
2023-12-06,TARDE,1,-,
2023-12-06,NOCHE,54,-,
2023-12-07,MEDIODÍA,95,-,
2023-12-07,TARDE,45,-,
2023-12-07,NOCHE,66,-,
2023-12-08,MEDIODÍA,77,-,
2023-12-08,TARDE,47,-,
2023-12-08,NOCHE,12,-,
2023-12-09,MEDIODÍA,79,-,
2023-12-09,TARDE,96,-,
2023-12-09,NOCHE,72,-,
2023-12-10,MEDIODÍA,69,-,
2023-12-10,TARDE,98,-,
2023-12-10,NOCHE,64,-,
2023-12-11,MEDIODÍA,93,-,
2023-12-11,TARDE,65,-,
2023-12-11,NOCHE,40,-,
2023-12-12,MEDIODÍA,45,-,
2023-12-12,TARDE,59,-,
2023-12-12,NOCHE,78,-,
2023-12-13,MEDIODÍA,8,-,
2023-12-13,TARDE,49,-,
2023-12-13,NOCHE,32,-,
2023-12-14,MEDIODÍA,86,-,
2023-12-14,TARDE,25,-,
2023-12-14,NOCHE,63,-,
2023-12-15,MEDIODÍA,31,-,
2023-12-15,TARDE,22,-,
2023-12-15,NOCHE,31,-,
2023-12-16,MEDIODÍA,35,-,
2023-12-16,TARDE,43,-,
2023-12-16,NOCHE,5,-,
2023-12-17,MEDIODÍA,30,-,
2023-12-17,TARDE,84,-,
2023-12-17,NOCHE,94,-,
2023-12-18,MEDIODÍA,47,-,
2023-12-18,TARDE,54,-,
2023-12-18,NOCHE,95,-,
2023-12-19,MEDIODÍA,73,-,
2023-12-19,TARDE,59,-,
2023-12-19,NOCHE,36,-,
2023-12-20,MEDIODÍA,70,-,
2023-12-20,TARDE,43,-,
2023-12-20,NOCHE,32,-,
2023-12-21,MEDIODÍA,42,-,
2023-12-21,TARDE,35,-,
2023-12-21,NOCHE,4,-,
2023-12-22,MEDIODÍA,79,-,
2023-12-22,TARDE,79,-,
2023-12-22,NOCHE,92,-,
2023-12-23,MEDIODÍA,85,-,
2023-12-23,TARDE,86,-,
2023-12-23,NOCHE,98,-,
2023-12-24,MEDIODÍA,72,-,
2023-12-24,TARDE,92,-,
2023-12-26,MEDIODÍA,27,-,
2023-12-26,TARDE,2,-,
2023-12-26,NOCHE,84,-,
2023-12-27,MEDIODÍA,32,-,
2023-12-27,TARDE,95,-,
2023-12-27,NOCHE,18,-,
2023-12-28,MEDIODÍA,38,-,
2023-12-28,TARDE,95,-,
2023-12-28,NOCHE,34,-,
2023-12-29,MEDIODÍA,40,-,
2023-12-29,TARDE,38,-,
2023-12-29,NOCHE,68,-,
2023-12-30,MEDIODÍA,81,-,
2023-12-30,TARDE,91,-,
2023-12-30,NOCHE,55,-,
2023-12-31,MEDIODÍA,28,-,
2023-12-31,TARDE,16,-,
2024-01-02,MEDIODÍA,34,-,53
2024-01-02,TARDE,14,-,67
2024-01-02,NOCHE,37,-,41
2024-01-03,MEDIODÍA,97,-,54
2024-01-03,TARDE,94,-,75
2024-01-03,NOCHE,30,-,28
2024-01-04,MEDIODÍA,88,-,79
2024-01-04,TARDE,42,-,95
2024-01-04,NOCHE,51,-,44
2024-01-05,MEDIODÍA,64,-,77
2024-01-05,TARDE,74,-,73
2024-01-05,NOCHE,73,-,97
2024-01-06,MEDIODÍA,77,-,27
2024-01-06,TARDE,92,-,90
2024-01-06,NOCHE,68,-,42
2024-01-07,MEDIODÍA,98,-,11
2024-01-07,TARDE,57,-,79
2024-01-07,NOCHE,60,-,62
2024-01-08,MEDIODÍA,27,-,96
2024-01-08,TARDE,69,-,36
2024-01-08,NOCHE,89,-,54
2024-01-09,MEDIODÍA,58,-,82
2024-01-09,TARDE,33,-,22
2024-01-09,NOCHE,66,-,26
2024-01-10,MEDIODÍA,70,-,33
2024-01-10,TARDE,77,-,65
2024-01-10,NOCHE,24,-,91
2024-01-11,MEDIODÍA,1,-,59
2024-01-11,TARDE,24,-,18
2024-01-11,NOCHE,8,-,86
2024-01-12,MEDIODÍA,76,-,16
2024-01-12,TARDE,42,-,41
2024-01-12,NOCHE,3,-,89
2024-01-13,MEDIODÍA,73,-,97
2024-01-13,TARDE,11,-,83
2024-01-13,NOCHE,40,-,57
2024-01-14,MEDIODÍA,76,-,1
2024-01-14,TARDE,36,-,43
2024-01-14,NOCHE,41,-,1
2024-01-15,MEDIODÍA,75,-,86
2024-01-15,TARDE,59,-,84
2024-01-15,NOCHE,92,-,16
2024-01-16,MEDIODÍA,66,-,63
2024-01-16,TARDE,79,-,38
2024-01-16,NOCHE,49,-,6
2024-01-17,MEDIODÍA,55,-,47
2024-01-17,TARDE,10,-,62
2024-01-17,NOCHE,62,-,2
2024-01-18,MEDIODÍA,29,-,82
2024-01-18,TARDE,40,-,78
2024-01-18,NOCHE,20,-,82
2024-01-19,MEDIODÍA,19,-,23
2024-01-19,TARDE,62,-,25
2024-01-19,NOCHE,98,-,23
2024-01-20,MEDIODÍA,48,-,36
2024-01-20,TARDE,62,-,7
2024-01-20,NOCHE,67,-,99
2024-01-21,MEDIODÍA,95,-,88
2024-01-21,TARDE,60,-,57
2024-01-21,NOCHE,44,-,68
2024-01-22,MEDIODÍA,45,-,67
2024-01-22,TARDE,63,-,38
2024-01-22,NOCHE,95,-,27
2024-01-23,MEDIODÍA,28,-,73
2024-01-23,TARDE,47,-,53
2024-01-23,NOCHE,51,-,76
2024-01-24,MEDIODÍA,33,-,45
2024-01-24,TARDE,19,-,78
2024-01-24,NOCHE,76,-,64
2024-01-25,MEDIODÍA,64,-,49
2024-01-25,TARDE,20,-,5
2024-01-25,NOCHE,64,-,31
2024-01-26,MEDIODÍA,87,-,99
2024-01-26,TARDE,89,-,38
2024-01-26,NOCHE,10,-,18
2024-01-27,MEDIODÍA,69,-,0
2024-01-27,TARDE,44,-,57
2024-01-27,NOCHE,1,-,48
2024-01-28,MEDIODÍA,33,-,75
2024-01-28,TARDE,49,-,89
2024-01-28,NOCHE,7,-,27
2024-01-29,MEDIODÍA,51,-,47
2024-01-29,TARDE,1,-,75
2024-01-29,NOCHE,33,-,85
2024-01-30,MEDIODÍA,14,-,30
2024-01-30,TARDE,38,-,90
2024-01-30,NOCHE,27,-,76
2024-01-31,MEDIODÍA,1,-,40
2024-01-31,TARDE,19,-,71
2024-01-31,NOCHE,17,-,7
2024-02-01,MEDIODÍA,13,-,18
2024-02-01,TARDE,85,-,57
2024-02-01,NOCHE,6,-,75
2024-02-02,MEDIODÍA,58,-,1
2024-02-02,TARDE,69,-,67
2024-02-02,NOCHE,39,-,56
2024-02-03,MEDIODÍA,64,-,95
2024-02-03,TARDE,14,-,26
2024-02-03,NOCHE,1,-,52
2024-02-04,MEDIODÍA,44,-,33
2024-02-04,TARDE,81,-,66
2024-02-04,NOCHE,89,-,96
2024-02-05,MEDIODÍA,21,-,49
2024-02-05,TARDE,36,-,6
2024-02-05,NOCHE,19,-,89
2024-02-06,MEDIODÍA,13,-,11
2024-02-06,TARDE,93,-,72
2024-02-06,NOCHE,80,-,87
2024-02-07,MEDIODÍA,53,-,35
2024-02-07,TARDE,98,-,21
2024-02-07,NOCHE,0,-,60
2024-02-08,MEDIODÍA,90,-,25
2024-02-08,TARDE,28,-,86
2024-02-08,NOCHE,73,-,54
2024-02-09,MEDIODÍA,26,-,8
2024-02-09,TARDE,92,-,89
2024-02-09,NOCHE,74,-,57
2024-02-10,MEDIODÍA,30,-,22
2024-02-10,TARDE,13,-,28
2024-02-10,NOCHE,11,-,56
2024-02-11,MEDIODÍA,55,-,9
2024-02-11,TARDE,60,-,30
2024-02-11,NOCHE,94,-,77
2024-02-12,MEDIODÍA,74,-,77
2024-02-12,TARDE,51,-,58
2024-02-12,NOCHE,24,-,19
2024-02-13,MEDIODÍA,62,-,21
2024-02-13,TARDE,67,-,68
2024-02-13,NOCHE,6,-,37
2024-02-14,MEDIODÍA,67,-,19
2024-02-14,TARDE,80,-,8
2024-02-14,NOCHE,89,-,81
2024-02-15,MEDIODÍA,40,-,67
2024-02-15,TARDE,77,-,40
2024-02-15,NOCHE,1,-,96
2024-02-16,MEDIODÍA,21,-,19
2024-02-16,TARDE,40,-,26
2024-02-16,NOCHE,44,-,0
2024-02-17,MEDIODÍA,71,-,77
2024-02-17,TARDE,16,-,50
2024-02-17,NOCHE,28,-,40
2024-02-18,MEDIODÍA,51,-,2
2024-02-18,TARDE,2,-,45
2024-02-18,NOCHE,66,-,5
2024-02-19,MEDIODÍA,66,-,35
2024-02-19,TARDE,45,-,23
2024-02-19,NOCHE,99,-,29
2024-02-20,MEDIODÍA,42,-,18
2024-02-20,TARDE,97,-,19
2024-02-20,NOCHE,30,-,71
2024-02-21,MEDIODÍA,72,-,41
2024-02-21,TARDE,20,-,28
2024-02-21,NOCHE,23,-,9
2024-02-22,MEDIODÍA,43,-,55
2024-02-22,TARDE,48,-,50
2024-02-22,NOCHE,0,-,3
2024-02-23,MEDIODÍA,91,-,33
2024-02-23,TARDE,35,-,38
2024-02-23,NOCHE,6,-,91
2024-02-24,MEDIODÍA,58,-,58
2024-02-24,TARDE,46,-,25
2024-02-24,NOCHE,84,-,69
2024-02-25,MEDIODÍA,50,-,25
2024-02-25,TARDE,0,-,70
2024-02-25,NOCHE,80,-,69
2024-02-26,MEDIODÍA,12,-,80
2024-02-26,TARDE,49,-,88
2024-02-26,NOCHE,53,-,90
2024-02-27,MEDIODÍA,89,-,8
2024-02-27,TARDE,43,-,81
2024-02-27,NOCHE,84,-,62
2024-02-28,MEDIODÍA,29,-,19
2024-02-28,TARDE,23,-,59
2024-02-28,NOCHE,97,-,46
2024-02-29,MEDIODÍA,31,-,86
2024-02-29,TARDE,98,-,92
2024-02-29,NOCHE,72,-,33
2024-03-01,MEDIODÍA,86,-,45
2024-03-01,TARDE,58,-,94
2024-03-01,NOCHE,34,-,24
2024-03-02,MEDIODÍA,95,-,50
2024-03-02,TARDE,25,-,42
2024-03-02,NOCHE,17,-,87
2024-03-03,MEDIODÍA,96,-,64
2024-03-03,TARDE,11,-,18
2024-03-03,NOCHE,41,-,73
2024-03-04,MEDIODÍA,34,-,21
2024-03-04,TARDE,99,-,58
2024-03-04,NOCHE,50,-,18
2024-03-05,MEDIODÍA,10,-,99
2024-03-05,TARDE,45,-,13
2024-03-05,NOCHE,50,-,64
2024-03-06,MEDIODÍA,14,-,43
2024-03-06,TARDE,89,-,6
2024-03-06,NOCHE,52,-,3
2024-03-07,MEDIODÍA,35,-,19
2024-03-07,TARDE,98,-,97
2024-03-07,NOCHE,98,-,30
2024-03-08,MEDIODÍA,0,-,54
2024-03-08,TARDE,59,-,96
2024-03-08,NOCHE,59,-,68
2024-03-09,MEDIODÍA,0,-,19
2024-03-09,TARDE,6,-,55
2024-03-09,NOCHE,38,-,72
2024-03-10,MEDIODÍA,60,-,51
2024-03-10,TARDE,57,-,3
2024-03-10,NOCHE,99,-,54
2024-03-11,MEDIODÍA,39,-,81
2024-03-11,TARDE,22,-,29
2024-03-11,NOCHE,70,-,59
2024-03-12,MEDIODÍA,60,-,18
2024-03-12,TARDE,48,-,65
2024-03-12,NOCHE,83,-,63
2024-03-13,MEDIODÍA,77,-,99
2024-03-13,TARDE,79,-,83
2024-03-13,NOCHE,91,-,53
2024-03-14,MEDIODÍA,42,-,80
2024-03-14,TARDE,5,-,82
2024-03-14,NOCHE,92,-,41
2024-03-15,MEDIODÍA,83,-,36
2024-03-15,TARDE,21,-,81
2024-03-15,NOCHE,75,-,43
2024-03-16,MEDIODÍA,89,-,54
2024-03-16,TARDE,35,-,84
2024-03-16,NOCHE,13,-,42
2024-03-17,MEDIODÍA,28,-,26
2024-03-17,TARDE,1,-,69
2024-03-17,NOCHE,71,-,2
2024-03-18,MEDIODÍA,33,-,67
2024-03-18,TARDE,96,-,66
2024-03-18,NOCHE,47,-,6
2024-03-19,MEDIODÍA,7,-,68
2024-03-19,TARDE,99,-,93
2024-03-19,NOCHE,30,-,19
2024-03-20,MEDIODÍA,20,-,69
2024-03-20,TARDE,48,-,48
2024-03-20,NOCHE,15,-,43
2024-03-21,MEDIODÍA,36,-,98
2024-03-21,TARDE,13,-,38
2024-03-21,NOCHE,97,-,75
2024-03-22,MEDIODÍA,24,-,25
2024-03-22,TARDE,4,-,10
2024-03-22,NOCHE,44,-,94
2024-03-23,MEDIODÍA,2,-,61
2024-03-23,TARDE,95,-,19
2024-03-23,NOCHE,54,-,3
2024-03-24,MEDIODÍA,3,-,38
2024-03-24,TARDE,27,-,80
2024-03-24,NOCHE,35,-,53
2024-03-25,MEDIODÍA,51,-,3
2024-03-25,TARDE,89,-,46
2024-03-25,NOCHE,9,-,23
2024-03-26,MEDIODÍA,25,-,62
2024-03-26,TARDE,50,-,84
2024-03-26,NOCHE,33,-,79
2024-03-27,MEDIODÍA,96,-,77
2024-03-27,TARDE,35,-,7
2024-03-27,NOCHE,34,-,61
2024-04-01,MEDIODÍA,23,-,55
2024-04-01,TARDE,5,-,39
2024-04-01,NOCHE,42,-,81
2024-04-02,MEDIODÍA,70,-,4
2024-04-02,TARDE,5,-,68
2024-04-02,NOCHE,52,-,51
2024-04-03,MEDIODÍA,10,-,5
2024-04-03,TARDE,62,-,2
2024-04-03,NOCHE,83,-,14
2024-04-04,MEDIODÍA,68,-,89
2024-04-04,TARDE,57,-,25
2024-04-04,NOCHE,66,-,17
2024-04-05,MEDIODÍA,87,-,22
2024-04-05,TARDE,89,-,43
2024-04-05,NOCHE,34,-,87
2024-04-06,MEDIODÍA,55,-,51
2024-04-06,TARDE,75,-,64
2024-04-06,NOCHE,27,-,64
2024-04-07,MEDIODÍA,33,-,42
2024-04-07,TARDE,65,-,26
2024-04-07,NOCHE,95,-,51
2024-04-08,MEDIODÍA,47,-,97
2024-04-08,TARDE,71,-,55
2024-04-08,NOCHE,93,-,87
2024-04-09,MEDIODÍA,16,-,53
2024-04-09,TARDE,4,-,25
2024-04-09,NOCHE,97,-,6
2024-04-10,MEDIODÍA,67,-,3
2024-04-10,TARDE,3,-,1
2024-04-10,NOCHE,49,-,40
2024-04-11,MEDIODÍA,60,-,59
2024-04-11,TARDE,38,-,56
2024-04-11,NOCHE,84,-,15
2024-04-12,MEDIODÍA,61,-,68
2024-04-12,TARDE,76,-,23
2024-04-12,NOCHE,73,-,33
2024-04-13,MEDIODÍA,83,-,58
2024-04-13,TARDE,50,-,97
2024-04-13,NOCHE,71,-,59
2024-04-14,MEDIODÍA,49,-,71
2024-04-14,TARDE,17,-,15
2024-04-14,NOCHE,59,-,63
2024-04-15,MEDIODÍA,12,-,83
2024-04-15,TARDE,70,-,26
2024-04-15,NOCHE,54,-,19
2024-04-16,MEDIODÍA,70,-,80
2024-04-16,TARDE,69,-,14
2024-04-16,NOCHE,40,-,14
2024-04-17,MEDIODÍA,46,-,16
2024-04-17,TARDE,0,-,83
2024-04-17,NOCHE,16,-,2
2024-04-18,MEDIODÍA,73,-,94
2024-04-18,TARDE,40,-,17
2024-04-18,NOCHE,53,-,69
2024-04-19,MEDIODÍA,81,-,35
2024-04-19,TARDE,65,-,54
2024-04-19,NOCHE,7,-,28
2024-04-20,MEDIODÍA,61,-,15
2024-04-20,TARDE,21,-,86
2024-04-20,NOCHE,77,-,43
2024-04-21,MEDIODÍA,14,-,4
2024-04-21,TARDE,7,-,11
2024-04-21,NOCHE,90,-,97
2024-04-22,MEDIODÍA,4,-,40
2024-04-22,TARDE,96,-,83
2024-04-22,NOCHE,90,-,87
2024-04-23,MEDIODÍA,61,-,25
2024-04-23,TARDE,89,-,48
2024-04-23,NOCHE,3,-,12
2024-04-24,MEDIODÍA,11,-,21
2024-04-24,TARDE,87,-,76
2024-04-24,NOCHE,32,-,85
2024-04-25,MEDIODÍA,48,-,12
2024-04-25,TARDE,72,-,17
2024-04-25,NOCHE,47,-,19
2024-04-26,MEDIODÍA,10,-,55
2024-04-26,TARDE,92,-,69
2024-04-26,NOCHE,35,-,63
2024-04-27,MEDIODÍA,13,-,53
2024-04-27,TARDE,65,-,49
2024-04-27,NOCHE,83,-,65
2024-04-28,MEDIODÍA,95,-,81
2024-04-28,TARDE,41,-,19
2024-04-28,NOCHE,9,-,64
2024-04-29,MEDIODÍA,49,-,53
2024-04-29,TARDE,13,-,31
2024-04-29,NOCHE,29,-,43
2024-04-30,MEDIODÍA,93,-,94
2024-04-30,TARDE,63,-,68
2024-04-30,NOCHE,22,-,68
2024-05-01,MEDIODÍA,19,-,98
2024-05-01,TARDE,21,-,90
2024-05-01,NOCHE,5,-,77
2024-05-02,MEDIODÍA,28,-,2
2024-05-02,TARDE,59,-,59
2024-05-02,NOCHE,62,-,40
2024-05-03,MEDIODÍA,52,-,75
2024-05-03,TARDE,84,-,32
2024-05-03,NOCHE,5,-,75
2024-05-04,MEDIODÍA,52,-,61
2024-05-04,TARDE,24,-,38
2024-05-04,NOCHE,75,-,7
2024-05-05,MEDIODÍA,4,-,58
2024-05-05,TARDE,77,-,60
2024-05-05,NOCHE,61,-,30
2024-05-06,MEDIODÍA,95,-,38
2024-05-06,TARDE,12,-,58
2024-05-06,NOCHE,91,-,38
2024-05-07,MEDIODÍA,97,-,16
2024-05-07,TARDE,71,-,87
2024-05-07,NOCHE,1,-,19
2024-05-08,MEDIODÍA,6,-,61
2024-05-08,TARDE,65,-,2
2024-05-08,NOCHE,40,-,76
2024-05-09,MEDIODÍA,94,-,36
2024-05-09,TARDE,39,-,42
2024-05-09,NOCHE,22,-,40
2024-05-10,MEDIODÍA,4,-,29
2024-05-10,TARDE,80,-,20
2024-05-10,NOCHE,82,-,30
2024-05-11,MEDIODÍA,0,-,80
2024-05-11,TARDE,27,-,94
2024-05-11,NOCHE,63,-,29
2024-05-12,MEDIODÍA,21,-,6
2024-05-12,TARDE,13,-,77
2024-05-12,NOCHE,98,-,25
2024-05-13,MEDIODÍA,91,-,6
2024-05-13,TARDE,49,-,55
2024-05-13,NOCHE,42,-,90
2024-05-14,MEDIODÍA,24,-,45
2024-05-14,TARDE,1,-,96
2024-05-14,NOCHE,98,-,94
2024-05-15,MEDIODÍA,56,-,19
2024-05-15,TARDE,89,-,56
2024-05-15,NOCHE,27,-,28
2024-05-16,MEDIODÍA,7,-,18
2024-05-16,TARDE,25,-,8
2024-05-16,NOCHE,85,-,34
2024-05-17,MEDIODÍA,20,-,43
2024-05-17,TARDE,98,-,9
2024-05-17,NOCHE,45,-,62
2024-05-18,MEDIODÍA,70,-,62
2024-05-18,TARDE,96,-,7
2024-05-18,NOCHE,47,-,71
2024-05-19,MEDIODÍA,45,-,65
2024-05-19,TARDE,61,-,49
2024-05-19,NOCHE,51,-,60
2024-05-20,MEDIODÍA,18,-,93
2024-05-20,TARDE,91,-,49
2024-05-20,NOCHE,37,-,56
2024-05-21,MEDIODÍA,84,-,54
2024-05-21,TARDE,38,-,28
2024-05-21,NOCHE,48,-,78
2024-05-22,MEDIODÍA,33,-,77
2024-05-22,TARDE,60,-,80
2024-05-22,NOCHE,60,-,82
2024-05-23,MEDIODÍA,40,-,60
2024-05-23,TARDE,94,-,4
2024-05-23,NOCHE,83,-,92
2024-05-24,MEDIODÍA,90,-,14
2024-05-24,TARDE,80,-,10
2024-05-24,NOCHE,88,-,28
2024-05-25,MEDIODÍA,51,-,75
2024-05-25,TARDE,17,-,29
2024-05-25,NOCHE,41,-,2
2024-05-26,MEDIODÍA,69,-,11
2024-05-26,TARDE,42,-,90
2024-05-26,NOCHE,73,-,60
2024-05-27,MEDIODÍA,16,-,11
2024-05-27,TARDE,76,-,97
2024-05-27,NOCHE,52,-,68
2024-05-28,MEDIODÍA,56,-,22
2024-05-28,TARDE,14,-,64
2024-05-28,NOCHE,91,-,86
2024-05-29,MEDIODÍA,28,-,80
2024-05-29,TARDE,46,-,1
2024-05-29,NOCHE,1,-,70
2024-05-30,MEDIODÍA,40,-,47
2024-05-30,TARDE,8,-,19
2024-05-30,NOCHE,23,-,2
2024-05-31,MEDIODÍA,72,-,25
2024-05-31,TARDE,40,-,27
2024-05-31,NOCHE,81,-,94
2024-06-01,MEDIODÍA,86,-,83
2024-06-01,TARDE,75,-,83
2024-06-01,NOCHE,35,-,47
2024-06-02,MEDIODÍA,52,-,45
2024-06-02,TARDE,88,-,42
2024-06-02,NOCHE,66,-,64
2024-06-03,MEDIODÍA,85,-,56
2024-06-03,TARDE,2,-,86
2024-06-03,NOCHE,94,-,1
2024-06-04,MEDIODÍA,27,-,30
2024-06-04,TARDE,85,-,18
2024-06-04,NOCHE,8,-,10
2024-06-05,MEDIODÍA,68,-,51
2024-06-05,TARDE,26,-,83
2024-06-05,NOCHE,0,-,61
2024-06-06,MEDIODÍA,79,-,56
2024-06-06,TARDE,26,-,45
2024-06-06,NOCHE,54,-,95
2024-06-07,MEDIODÍA,43,-,4
2024-06-07,TARDE,82,-,90
2024-06-07,NOCHE,38,-,59
2024-06-08,MEDIODÍA,8,-,88
2024-06-08,TARDE,59,-,88
2024-06-08,NOCHE,11,-,73
2024-06-09,MEDIODÍA,22,-,63
2024-06-09,TARDE,32,-,62
2024-06-09,NOCHE,17,-,16
2024-06-10,MEDIODÍA,92,-,91
2024-06-10,TARDE,76,-,72
2024-06-10,NOCHE,67,-,85
2024-06-11,MEDIODÍA,10,-,42
2024-06-11,TARDE,88,-,87
2024-06-11,NOCHE,19,-,10
2024-06-12,MEDIODÍA,40,-,87
2024-06-12,TARDE,24,-,23
2024-06-12,NOCHE,64,-,60
2024-06-13,MEDIODÍA,16,-,80
2024-06-13,TARDE,45,-,47
2024-06-13,NOCHE,13,-,16
2024-06-14,MEDIODÍA,95,-,14
2024-06-14,TARDE,2,-,2
2024-06-14,NOCHE,27,-,93
2024-06-15,MEDIODÍA,56,-,40
2024-06-15,TARDE,51,-,34
2024-06-15,NOCHE,91,-,19
2024-06-16,MEDIODÍA,62,-,54
2024-06-16,TARDE,56,-,20
2024-06-16,NOCHE,38,-,0
2024-06-17,MEDIODÍA,7,-,61
2024-06-17,TARDE,94,-,2
2024-06-17,NOCHE,79,-,0
2024-06-18,MEDIODÍA,19,-,1
2024-06-18,TARDE,67,-,63
2024-06-18,NOCHE,82,-,93
2024-06-19,MEDIODÍA,45,-,91
2024-06-19,TARDE,87,-,79
2024-06-19,NOCHE,29,-,53
2024-06-20,MEDIODÍA,63,-,46
2024-06-20,TARDE,51,-,26
2024-06-20,NOCHE,31,-,5
2024-06-21,MEDIODÍA,79,-,29
2024-06-21,TARDE,90,-,10
2024-06-21,NOCHE,80,-,61
2024-06-22,MEDIODÍA,68,-,88
2024-06-22,TARDE,42,-,73
2024-06-22,NOCHE,14,-,31
2024-06-23,MEDIODÍA,50,-,58
2024-06-23,TARDE,71,-,72
2024-06-23,NOCHE,42,-,86
2024-06-24,MEDIODÍA,10,-,37
2024-06-24,TARDE,53,-,91
2024-06-24,NOCHE,60,-,42
2024-06-25,MEDIODÍA,90,-,33
2024-06-25,TARDE,88,-,62
2024-06-25,NOCHE,70,-,5
2024-06-26,MEDIODÍA,65,-,54
2024-06-26,TARDE,58,-,72
2024-06-26,NOCHE,45,-,45
2024-06-27,MEDIODÍA,14,-,49
2024-06-27,TARDE,21,-,18
2024-06-27,NOCHE,0,-,10
2024-06-28,MEDIODÍA,89,-,27
2024-06-28,TARDE,43,-,66
2024-06-28,NOCHE,20,-,22
2024-06-29,MEDIODÍA,64,-,35
2024-06-29,TARDE,43,-,13
2024-06-29,NOCHE,79,-,85
2024-06-30,MEDIODÍA,36,-,24
2024-06-30,TARDE,65,-,25
2024-06-30,NOCHE,11,-,40
2024-07-01,MEDIODÍA,75,-,63
2024-07-01,TARDE,72,-,67
2024-07-01,NOCHE,8,-,37
2024-07-02,MEDIODÍA,27,-,20
2024-07-02,TARDE,29,-,52
2024-07-02,NOCHE,52,-,29
2024-07-03,MEDIODÍA,32,-,91
2024-07-03,TARDE,73,-,84
2024-07-03,NOCHE,92,-,94
2024-07-04,MEDIODÍA,22,-,45
2024-07-04,TARDE,67,-,68
2024-07-04,NOCHE,5,-,84
2024-07-05,MEDIODÍA,60,-,9
2024-07-05,TARDE,55,-,66
2024-07-05,NOCHE,47,-,57
2024-07-06,MEDIODÍA,0,-,30
2024-07-06,TARDE,41,-,60
2024-07-06,NOCHE,76,-,12
2024-07-07,MEDIODÍA,89,-,3
2024-07-07,TARDE,34,-,71
2024-07-07,NOCHE,69,-,92
2024-07-08,MEDIODÍA,9,-,0
2024-07-08,TARDE,68,-,93
2024-07-08,NOCHE,88,-,13
2024-07-09,MEDIODÍA,26,-,21
2024-07-09,TARDE,29,-,7
2024-07-09,NOCHE,83,-,27
2024-07-10,MEDIODÍA,80,-,77
2024-07-10,TARDE,4,-,6
2024-07-10,NOCHE,64,-,72
2024-07-11,MEDIODÍA,97,-,15
2024-07-11,TARDE,55,-,90
2024-07-11,NOCHE,14,-,91
2024-07-12,MEDIODÍA,57,-,63
2024-07-12,TARDE,62,-,59
2024-07-12,NOCHE,5,-,81
2024-07-13,MEDIODÍA,14,-,2
2024-07-13,TARDE,25,-,62
2024-07-13,NOCHE,84,-,85
2024-07-14,MEDIODÍA,44,-,41
2024-07-14,TARDE,12,-,81
2024-07-14,NOCHE,20,-,44
2024-07-15,MEDIODÍA,26,-,10
2024-07-15,TARDE,75,-,4
2024-07-15,NOCHE,25,-,82
2024-07-16,MEDIODÍA,44,-,57
2024-07-16,TARDE,7,-,69
2024-07-16,NOCHE,81,-,93
2024-07-17,MEDIODÍA,88,-,26
2024-07-17,TARDE,37,-,72
2024-07-17,NOCHE,20,-,89
2024-07-18,MEDIODÍA,9,-,37
2024-07-18,TARDE,40,-,0
2024-07-18,NOCHE,14,-,37
2024-07-19,MEDIODÍA,6,-,4
2024-07-19,TARDE,35,-,59
2024-07-19,NOCHE,98,-,45
2024-07-20,MEDIODÍA,68,-,8
2024-07-20,TARDE,2,-,67
2024-07-20,NOCHE,91,-,76
2024-07-21,MEDIODÍA,57,-,46
2024-07-21,TARDE,17,-,92
2024-07-21,NOCHE,53,-,41
2024-07-22,MEDIODÍA,33,-,19
2024-07-22,TARDE,69,-,44
2024-07-22,NOCHE,84,-,96
2024-07-23,MEDIODÍA,30,-,45
2024-07-23,TARDE,25,-,67
2024-07-23,NOCHE,48,-,87
2024-07-24,MEDIODÍA,34,-,36
2024-07-24,TARDE,96,-,83
2024-07-24,NOCHE,80,-,96
2024-07-25,MEDIODÍA,40,-,24
2024-07-25,TARDE,77,-,87
2024-07-25,NOCHE,30,-,75
2024-07-26,MEDIODÍA,91,-,33
2024-07-26,TARDE,72,-,99
2024-07-26,NOCHE,99,-,84
2024-07-27,MEDIODÍA,39,-,74
2024-07-27,TARDE,13,-,77
2024-07-27,NOCHE,53,-,50
2024-07-28,MEDIODÍA,66,-,13
2024-07-28,TARDE,30,-,53
2024-07-28,NOCHE,46,-,11
2024-07-29,MEDIODÍA,20,-,71
2024-07-29,TARDE,28,-,80
2024-07-29,NOCHE,87,-,59
2024-07-30,MEDIODÍA,16,-,93
2024-07-30,TARDE,79,-,73
2024-07-30,NOCHE,94,-,12
2024-07-31,MEDIODÍA,44,-,15
2024-07-31,TARDE,25,-,22
2024-07-31,NOCHE,95,-,18
2024-08-01,MEDIODÍA,31,-,77
2024-08-01,TARDE,0,-,58
2024-08-01,NOCHE,51,-,26
2024-08-02,MEDIODÍA,12,-,78
2024-08-02,TARDE,34,-,87
2024-08-02,NOCHE,5,-,56
2024-08-03,MEDIODÍA,27,-,9
2024-08-03,TARDE,7,-,2
2024-08-03,NOCHE,27,-,9
2024-08-04,MEDIODÍA,54,-,96
2024-08-04,TARDE,74,-,24
2024-08-04,NOCHE,94,-,70
2024-08-05,MEDIODÍA,30,-,60
2024-08-05,TARDE,32,-,86
2024-08-05,NOCHE,54,-,97
2024-08-06,MEDIODÍA,15,-,49
2024-08-06,TARDE,47,-,97
2024-08-06,NOCHE,35,-,57
2024-08-07,MEDIODÍA,96,-,34
2024-08-07,TARDE,0,-,78
2024-08-07,NOCHE,50,-,58
2024-08-08,MEDIODÍA,90,-,17
2024-08-08,TARDE,84,-,85
2024-08-08,NOCHE,41,-,42
2024-08-09,MEDIODÍA,49,-,35
2024-08-09,TARDE,46,-,43
2024-08-09,NOCHE,60,-,90
2024-08-10,MEDIODÍA,99,-,53
2024-08-10,TARDE,86,-,64
2024-08-10,NOCHE,34,-,68
2024-08-11,MEDIODÍA,73,-,89
2024-08-11,TARDE,78,-,9
2024-08-11,NOCHE,69,-,12
2024-08-12,MEDIODÍA,53,-,66
2024-08-12,TARDE,4,-,80
2024-08-12,NOCHE,13,-,85
2024-08-13,MEDIODÍA,14,-,8
2024-08-13,TARDE,69,-,94
2024-08-13,NOCHE,59,-,65
2024-08-14,MEDIODÍA,37,-,94
2024-08-14,TARDE,84,-,58
2024-08-14,NOCHE,34,-,54
2024-08-15,MEDIODÍA,22,-,9
2024-08-15,TARDE,37,-,9
2024-08-15,NOCHE,26,-,72
2024-08-16,MEDIODÍA,13,-,83
2024-08-16,TARDE,74,-,28
2024-08-16,NOCHE,14,-,91
2024-08-17,MEDIODÍA,59,-,66
2024-08-17,TARDE,57,-,79
2024-08-17,NOCHE,72,-,48
2024-08-18,MEDIODÍA,14,-,37
2024-08-18,TARDE,2,-,44
2024-08-18,NOCHE,49,-,20
2024-08-19,MEDIODÍA,53,-,99
2024-08-19,TARDE,88,-,83
2024-08-19,NOCHE,91,-,52
2024-08-20,MEDIODÍA,8,-,55
2024-08-20,TARDE,18,-,83
2024-08-20,NOCHE,49,-,98
2024-08-21,MEDIODÍA,23,-,42
2024-08-21,TARDE,59,-,88
2024-08-21,NOCHE,62,-,21
2024-08-22,MEDIODÍA,77,-,53
2024-08-22,TARDE,19,-,83
2024-08-22,NOCHE,47,-,59
2024-08-23,MEDIODÍA,96,-,23
2024-08-23,TARDE,95,-,95
2024-08-23,NOCHE,75,-,41
2024-08-24,MEDIODÍA,68,-,51
2024-08-24,TARDE,52,-,59
2024-08-24,NOCHE,76,-,38
2024-08-25,MEDIODÍA,89,-,95
2024-08-25,TARDE,19,-,38
2024-08-25,NOCHE,48,-,83
2024-08-26,MEDIODÍA,96,-,39
2024-08-26,TARDE,40,-,42
2024-08-26,NOCHE,95,-,1
2024-08-27,MEDIODÍA,11,-,49
2024-08-27,TARDE,78,-,90
2024-08-27,NOCHE,26,-,82
2024-08-28,MEDIODÍA,29,-,86
2024-08-28,TARDE,94,-,32
2024-08-28,NOCHE,44,-,24
2024-08-29,MEDIODÍA,59,-,86
2024-08-29,TARDE,13,-,53
2024-08-29,NOCHE,6,-,52
2024-08-30,MEDIODÍA,47,-,93
2024-08-30,TARDE,63,-,65
2024-08-30,NOCHE,13,-,86
2024-08-31,MEDIODÍA,62,-,15
2024-08-31,TARDE,4,-,17
2024-08-31,NOCHE,83,-,61
2024-10-01,MEDIODÍA,54,-,95
2024-10-01,TARDE,35,-,27
2024-10-01,NOCHE,26,-,72
2024-10-02,MEDIODÍA,97,-,26
2024-10-02,TARDE,9,R,45
2024-10-02,NOCHE,32,-,70
2024-10-03,MEDIODÍA,57,-,9
2024-10-03,TARDE,52,-,46
2024-10-03,NOCHE,72,-,28
2024-10-04,MEDIODÍA,93,R,79
2024-10-04,TARDE,95,R,21
2024-10-04,NOCHE,80,-,28
2024-10-05,MEDIODÍA,14,-,42
2024-10-05,TARDE,66,-,38
2024-10-05,NOCHE,94,R,3
2024-10-06,MEDIODÍA,11,R,13
2024-10-06,TARDE,21,R,70
2024-10-06,NOCHE,0,-,82
2024-10-07,MEDIODÍA,43,-,11
2024-10-07,TARDE,88,R,18
2024-10-07,NOCHE,2,-,67
2024-10-08,MEDIODÍA,32,R,15
2024-10-08,TARDE,43,-,97
2024-10-08,NOCHE,74,-,8
2024-10-09,MEDIODÍA,65,-,33
2024-10-09,TARDE,12,-,46
2024-10-09,NOCHE,7,R,54
2024-10-10,MEDIODÍA,62,R,2
2024-10-10,TARDE,83,-,57
2024-10-10,NOCHE,50,R,21
2024-10-11,MEDIODÍA,41,-,63
2024-10-11,TARDE,33,-,74
2024-10-11,NOCHE,48,R,96
2024-10-12,MEDIODÍA,13,R,85
2024-10-12,TARDE,27,-,41
2024-10-12,NOCHE,39,-,92
2024-10-13,MEDIODÍA,88,-,77
2024-10-13,TARDE,27,-,33
2024-10-13,NOCHE,58,-,31
2024-10-14,MEDIODÍA,85,R,17
2024-10-14,TARDE,15,R,69
2024-10-14,NOCHE,37,R,1
2024-10-15,MEDIODÍA,56,-,69
2024-10-15,TARDE,23,R,45
2024-10-15,NOCHE,65,-,11
2024-10-16,MEDIODÍA,60,-,41
2024-10-16,TARDE,14,-,18
2024-10-16,NOCHE,48,R,57
2024-10-17,MEDIODÍA,78,-,43
2024-10-17,TARDE,74,R,2
2024-10-17,NOCHE,76,-,81
2024-10-18,MEDIODÍA,95,R,70
2024-10-18,TARDE,20,-,69
2024-10-18,NOCHE,73,-,87
2024-10-19,MEDIODÍA,36,R,57
2024-10-19,TARDE,53,-,11
2024-10-19,NOCHE,77,-,93
2024-10-20,MEDIODÍA,87,-,12
2024-10-20,TARDE,60,R,98
2024-10-20,NOCHE,70,-,50
2024-10-21,MEDIODÍA,37,R,8
2024-10-21,TARDE,23,-,67
2024-10-21,NOCHE,2,R,35
2024-10-22,MEDIODÍA,41,-,29
2024-10-22,TARDE,99,R,53
2024-10-22,NOCHE,82,R,47
2024-10-23,MEDIODÍA,27,-,71
2024-10-23,TARDE,64,R,59
2024-10-23,NOCHE,48,-,68
2024-10-24,MEDIODÍA,32,R,70
2024-10-24,TARDE,21,-,33
2024-10-24,NOCHE,79,R,67
2024-10-25,MEDIODÍA,75,-,56
2024-10-25,TARDE,36,-,3
2024-10-25,NOCHE,63,-,94
2024-10-26,MEDIODÍA,60,-,68
2024-10-26,TARDE,63,-,79
2024-10-26,NOCHE,7,-,38
2024-10-27,MEDIODÍA,9,-,47
2024-10-27,TARDE,73,R,20
2024-10-27,NOCHE,83,R,48
2024-10-28,MEDIODÍA,26,-,9
2024-10-28,TARDE,58,R,80
2024-10-28,NOCHE,15,R,23
2024-10-29,MEDIODÍA,31,-,48
2024-10-29,TARDE,69,-,52
2024-10-29,NOCHE,34,R,8
2024-10-30,MEDIODÍA,59,-,4
2024-10-30,TARDE,44,-,9
2024-10-30,NOCHE,74,-,87
2024-10-31,MEDIODÍA,97,-,3
2024-10-31,TARDE,85,-,50
2024-10-31,NOCHE,47,-,29
2024-11-01,MEDIODÍA,38,-,13
2024-11-01,TARDE,22,R,44
2024-11-01,NOCHE,69,R,61
2024-11-02,MEDIODÍA,55,-,51
2024-11-02,TARDE,4,-,45
2024-11-02,NOCHE,74,-,48
2024-11-03,MEDIODÍA,69,R,3
2024-11-03,TARDE,59,-,62
2024-11-03,NOCHE,70,R,88
2024-11-04,MEDIODÍA,74,-,22
2024-11-04,TARDE,81,-,14
2024-11-04,NOCHE,86,-,25
2024-11-05,MEDIODÍA,74,-,25
2024-11-05,TARDE,85,-,69
2024-11-05,NOCHE,30,-,23
2024-11-06,MEDIODÍA,82,-,78
2024-11-06,TARDE,91,-,26
2024-11-06,NOCHE,58,-,47
2024-11-07,MEDIODÍA,80,-,26
2024-11-07,TARDE,52,-,85
2024-11-07,NOCHE,49,R,32
2024-11-08,MEDIODÍA,16,-,46
2024-11-08,TARDE,86,-,27
2024-11-08,NOCHE,44,-,19
2024-11-09,MEDIODÍA,19,-,39
2024-11-09,TARDE,49,R,59
2024-11-09,NOCHE,72,R,62
2024-11-10,MEDIODÍA,60,-,83
2024-11-10,TARDE,24,-,22
2024-11-10,NOCHE,92,-,25
2024-11-11,MEDIODÍA,0,R,82
2024-11-11,TARDE,14,R,12
2024-11-11,NOCHE,93,R,76
2024-11-12,MEDIODÍA,40,-,82
2024-11-12,TARDE,46,-,30
2024-11-12,NOCHE,15,-,31
2024-11-13,MEDIODÍA,81,-,36
2024-11-13,TARDE,38,R,59
2024-11-13,NOCHE,27,R,92
2024-11-14,MEDIODÍA,27,-,54
2024-11-14,TARDE,92,R,6
2024-11-14,NOCHE,31,R,85
2024-11-15,MEDIODÍA,42,-,16
2024-11-15,TARDE,54,-,93
2024-11-15,NOCHE,53,R,71
2024-11-16,MEDIODÍA,43,R,35
2024-11-16,TARDE,54,-,13
2024-11-16,NOCHE,9,R,87
2024-11-17,MEDIODÍA,46,-,59
2024-11-17,TARDE,98,-,78
2024-11-17,NOCHE,87,-,3
2024-11-18,MEDIODÍA,27,-,2
2024-11-18,TARDE,47,R,35
2024-11-18,NOCHE,44,-,81
2024-11-19,MEDIODÍA,28,-,51
2024-11-19,TARDE,14,R,54
2024-11-19,NOCHE,36,-,93
2024-11-20,MEDIODÍA,66,R,79
2024-11-20,TARDE,98,-,34
2024-11-20,NOCHE,94,R,67
2024-11-21,MEDIODÍA,86,R,39
2024-11-21,TARDE,99,-,42
2024-11-21,NOCHE,7,R,2
2024-11-22,MEDIODÍA,11,-,16
2024-11-22,TARDE,42,-,74
2024-11-22,NOCHE,58,-,16
2024-11-23,MEDIODÍA,23,-,62
2024-11-23,TARDE,52,-,47
2024-11-23,NOCHE,83,-,14
2024-11-24,MEDIODÍA,31,R,66
2024-11-24,TARDE,66,-,2
2024-11-24,NOCHE,39,-,56
2024-11-25,MEDIODÍA,94,-,60
2024-11-25,TARDE,67,-,74
2024-11-25,NOCHE,72,R,47
2024-11-26,MEDIODÍA,23,-,79
2024-11-26,TARDE,46,-,30
2024-11-26,NOCHE,37,-,15
2024-11-27,MEDIODÍA,40,-,22
2024-11-27,TARDE,89,-,36
2024-11-27,NOCHE,64,-,92
2024-11-28,MEDIODÍA,72,-,99
2024-11-28,TARDE,64,-,9
2024-11-28,NOCHE,79,R,9
2024-11-29,MEDIODÍA,15,-,63
2024-11-29,TARDE,35,R,58
2024-11-29,NOCHE,74,-,94
2024-11-30,MEDIODÍA,67,-,71
2024-11-30,TARDE,5,R,60
2024-11-30,NOCHE,82,-,57
2024-12-01,MEDIODÍA,74,R,26
2024-12-01,TARDE,61,-,50
2024-12-01,NOCHE,26,R,46
2024-12-02,MEDIODÍA,18,-,91
2024-12-02,TARDE,16,-,92
2024-12-02,NOCHE,75,R,45
2024-12-03,MEDIODÍA,53,-,20
2024-12-03,TARDE,69,-,43
2024-12-03,NOCHE,62,-,46
2024-12-04,MEDIODÍA,56,-,66
2024-12-04,TARDE,58,-,82
2024-12-04,NOCHE,44,-,41
2024-12-05,MEDIODÍA,27,-,13
2024-12-05,TARDE,61,R,38
2024-12-05,NOCHE,92,R,62
2024-12-06,MEDIODÍA,41,-,13
2024-12-06,TARDE,68,-,76
2024-12-06,NOCHE,16,-,17
2024-12-07,MEDIODÍA,64,-,51
2024-12-07,TARDE,94,-,53
2024-12-07,NOCHE,45,-,83
2024-12-08,MEDIODÍA,55,R,58
2024-12-08,TARDE,50,R,43
2024-12-08,NOCHE,60,-,7
2024-12-09,MEDIODÍA,46,-,44
2024-12-09,TARDE,41,-,9
2024-12-09,NOCHE,79,-,1
2024-12-10,MEDIODÍA,75,R,21
2024-12-10,TARDE,94,-,64
2024-12-10,NOCHE,19,-,37
2024-12-11,MEDIODÍA,56,R,11
2024-12-11,TARDE,97,R,11
2024-12-11,NOCHE,45,-,24
2024-12-12,MEDIODÍA,97,R,49
2024-12-12,TARDE,51,-,60
2024-12-12,NOCHE,0,R,13
2024-12-13,MEDIODÍA,59,-,55
2024-12-13,TARDE,88,-,15
2024-12-13,NOCHE,37,-,90
2024-12-14,MEDIODÍA,95,R,23
2024-12-14,TARDE,95,R,66
2024-12-14,NOCHE,87,-,40
2024-12-15,MEDIODÍA,8,-,88
2024-12-15,TARDE,75,-,30
2024-12-15,NOCHE,43,R,73
2024-12-16,MEDIODÍA,70,-,29
2024-12-16,TARDE,2,-,16
2024-12-16,NOCHE,67,-,96
2024-12-17,MEDIODÍA,52,-,40
2024-12-17,TARDE,71,-,16
2024-12-17,NOCHE,16,-,36
2024-12-18,MEDIODÍA,47,-,74
2024-12-18,TARDE,34,R,53
2024-12-18,NOCHE,81,R,22
2024-12-19,MEDIODÍA,12,-,32
2024-12-19,TARDE,72,-,7
2024-12-19,NOCHE,8,-,98
2024-12-20,MEDIODÍA,40,R,66
2024-12-20,TARDE,52,-,19
2024-12-20,NOCHE,51,-,7
2024-12-21,MEDIODÍA,93,R,56
2024-12-21,TARDE,87,-,17
2024-12-21,NOCHE,76,-,35
2024-12-22,MEDIODÍA,38,R,60
2024-12-22,TARDE,76,-,74
2024-12-22,NOCHE,97,-,59
2024-12-23,MEDIODÍA,85,R,2
2024-12-23,TARDE,11,R,9
2024-12-23,NOCHE,62,-,55
2024-12-24,MEDIODÍA,10,-,36
2024-12-24,TARDE,13,-,10
2024-12-26,MEDIODÍA,82,-,97
2024-12-26,TARDE,14,-,26
2024-12-26,NOCHE,70,R,95
2024-12-27,MEDIODÍA,61,R,68
2024-12-27,TARDE,73,-,68
2024-12-27,NOCHE,15,-,43
2024-12-28,MEDIODÍA,29,-,77
2024-12-28,TARDE,46,R,41
2024-12-28,NOCHE,33,-,62
2024-12-29,MEDIODÍA,35,-,29
2024-12-29,TARDE,19,-,97
2024-12-29,NOCHE,49,-,73
2024-12-30,MEDIODÍA,61,-,54
2024-12-30,TARDE,39,-,78
2024-12-30,NOCHE,67,-,92
2024-12-31,MEDIODÍA,22,-,78
2024-12-31,TARDE,15,-,84
2025-01-02,MEDIODÍA,33,-,39
2025-01-02,TARDE,42,-,72
2025-01-02,NOCHE,76,-,5
2025-01-03,MEDIODÍA,48,-,75
2025-01-03,TARDE,32,-,44
2025-01-03,NOCHE,63,R,7
2025-01-04,MEDIODÍA,97,R,6
2025-01-04,TARDE,40,-,97
2025-01-04,NOCHE,97,R,87
2025-01-05,MEDIODÍA,51,-,69
2025-01-05,TARDE,43,-,83
2025-01-05,NOCHE,90,R,32
2025-01-06,MEDIODÍA,63,-,21
2025-01-06,TARDE,2,R,91
2025-01-06,NOCHE,70,-,31
2025-01-07,MEDIODÍA,70,-,73
2025-01-07,TARDE,34,-,21
2025-01-07,NOCHE,42,-,40
2025-01-08,MEDIODÍA,8,-,0
2025-01-08,TARDE,21,R,35
2025-01-08,NOCHE,51,-,53
2025-01-09,MEDIODÍA,5,-,49
2025-01-09,TARDE,37,R,96
2025-01-09,NOCHE,21,-,15
2025-01-10,MEDIODÍA,71,R,67
2025-01-10,TARDE,57,-,42
2025-01-10,NOCHE,46,-,51
2025-01-11,MEDIODÍA,18,R,78
2025-01-11,TARDE,44,-,48
2025-01-11,NOCHE,13,-,78
2025-01-12,MEDIODÍA,41,R,57
2025-01-12,TARDE,85,R,36
2025-01-12,NOCHE,13,R,27
2025-01-13,MEDIODÍA,0,-,43
2025-01-13,TARDE,24,R,35
2025-01-13,NOCHE,95,R,3
2025-01-14,MEDIODÍA,76,-,84
2025-01-14,TARDE,61,-,84
2025-01-14,NOCHE,42,R,56
2025-01-15,MEDIODÍA,19,R,63
2025-01-15,TARDE,34,-,94
2025-01-15,NOCHE,9,-,89
2025-01-16,MEDIODÍA,16,-,77
2025-01-16,TARDE,45,R,79
2025-01-16,NOCHE,83,-,77
2025-01-17,MEDIODÍA,65,-,50
2025-01-17,TARDE,13,-,97
2025-01-17,NOCHE,27,-,79
2025-01-18,MEDIODÍA,20,-,17
2025-01-18,TARDE,32,R,59
2025-01-18,NOCHE,76,-,51
2025-01-19,MEDIODÍA,39,-,60
2025-01-19,TARDE,69,-,73
2025-01-19,NOCHE,36,R,36
2025-01-20,MEDIODÍA,36,-,6
2025-01-20,TARDE,7,R,49
2025-01-20,NOCHE,45,R,36
2025-01-21,MEDIODÍA,14,-,28
2025-01-21,TARDE,23,-,3
2025-01-21,NOCHE,95,-,20
2025-01-22,MEDIODÍA,44,R,17
2025-01-22,TARDE,29,-,82
2025-01-22,NOCHE,51,-,4
2025-01-23,MEDIODÍA,78,-,63
2025-01-23,TARDE,44,R,77
2025-01-23,NOCHE,7,-,51
2025-01-24,MEDIODÍA,62,-,97
2025-01-24,TARDE,79,-,15
2025-01-24,NOCHE,78,-,93
2025-01-25,MEDIODÍA,79,R,46
2025-01-25,TARDE,10,-,46
2025-01-25,NOCHE,98,-,3
2025-01-26,MEDIODÍA,47,R,14
2025-01-26,TARDE,94,-,38
2025-01-26,NOCHE,9,-,24
2025-01-27,MEDIODÍA,32,-,27
2025-01-27,TARDE,25,-,35
2025-01-27,NOCHE,99,R,45
2025-01-28,MEDIODÍA,55,-,2
2025-01-28,TARDE,17,-,48
2025-01-28,NOCHE,55,-,94
2025-01-29,MEDIODÍA,75,-,84
2025-01-29,TARDE,20,-,51
2025-01-29,NOCHE,75,-,83
2025-01-30,MEDIODÍA,90,R,9
2025-01-30,TARDE,53,-,45
2025-01-30,NOCHE,3,R,67
2025-01-31,MEDIODÍA,11,R,35
2025-01-31,TARDE,94,R,67
2025-01-31,NOCHE,53,-,9
2025-02-01,MEDIODÍA,92,-,70
2025-02-01,TARDE,32,-,3
2025-02-01,NOCHE,27,-,18
2025-02-02,MEDIODÍA,23,R,58
2025-02-02,TARDE,83,-,97
2025-02-02,NOCHE,43,-,80
2025-02-03,MEDIODÍA,59,R,26
2025-02-03,TARDE,8,-,55
2025-02-03,NOCHE,20,-,23
2025-02-04,MEDIODÍA,1,-,49
2025-02-04,TARDE,81,R,8
2025-02-04,NOCHE,16,-,34
2025-02-05,MEDIODÍA,70,R,89
2025-02-05,TARDE,57,-,42
2025-02-05,NOCHE,77,-,30
2025-02-06,MEDIODÍA,1,-,68
2025-02-06,TARDE,76,-,0
2025-02-06,NOCHE,21,R,61
2025-02-07,MEDIODÍA,1,-,25
2025-02-07,TARDE,99,-,13
2025-02-07,NOCHE,88,-,39
2025-02-08,MEDIODÍA,31,-,25
2025-02-08,TARDE,42,-,59
2025-02-08,NOCHE,7,-,78
2025-02-09,MEDIODÍA,74,-,97
2025-02-09,TARDE,93,-,91
2025-02-09,NOCHE,64,-,35
2025-02-10,MEDIODÍA,57,R,34
2025-02-10,TARDE,5,-,56
2025-02-10,NOCHE,0,-,8
2025-02-11,MEDIODÍA,21,R,19
2025-02-11,TARDE,44,R,14
2025-02-11,NOCHE,69,R,65
2025-02-12,MEDIODÍA,5,-,12
2025-02-12,TARDE,80,R,55
2025-02-12,NOCHE,76,-,78
2025-02-13,MEDIODÍA,83,-,13
2025-02-13,TARDE,81,R,13
2025-02-13,NOCHE,91,-,1
2025-02-14,MEDIODÍA,4,R,5
2025-02-14,TARDE,96,-,17
2025-02-14,NOCHE,35,R,35
2025-02-15,MEDIODÍA,45,R,93
2025-02-15,TARDE,91,-,57
2025-02-15,NOCHE,61,-,66
2025-02-16,MEDIODÍA,4,-,66
2025-02-16,TARDE,77,-,19
2025-02-16,NOCHE,84,R,78
2025-02-17,MEDIODÍA,22,R,22
2025-02-17,TARDE,98,-,11
2025-02-17,NOCHE,51,-,4
2025-02-18,MEDIODÍA,53,-,45
2025-02-18,TARDE,93,-,7
2025-02-18,NOCHE,25,-,59
2025-02-19,MEDIODÍA,29,-,76
2025-02-19,TARDE,12,R,27
2025-02-19,NOCHE,78,R,36
2025-02-20,MEDIODÍA,64,R,58
2025-02-20,TARDE,95,R,54
2025-02-20,NOCHE,28,-,89
2025-02-21,MEDIODÍA,27,-,19
2025-02-21,TARDE,54,-,55
2025-02-21,NOCHE,93,-,64
2025-02-22,MEDIODÍA,98,R,67
2025-02-22,TARDE,81,-,40
2025-02-22,NOCHE,41,-,82
2025-02-23,MEDIODÍA,90,-,38
2025-02-23,TARDE,99,-,84
2025-02-23,NOCHE,76,R,75
2025-02-24,MEDIODÍA,26,-,87
2025-02-24,TARDE,85,-,65
2025-02-24,NOCHE,9,R,60
2025-02-25,MEDIODÍA,71,-,40
2025-02-25,TARDE,31,-,82
2025-02-25,NOCHE,23,R,57
2025-02-26,MEDIODÍA,38,-,32
2025-02-26,TARDE,59,-,46
2025-02-26,NOCHE,21,R,88
2025-02-27,MEDIODÍA,57,-,73
2025-02-27,TARDE,27,-,88
2025-02-27,NOCHE,63,R,67
2025-02-28,MEDIODÍA,27,-,66
2025-02-28,TARDE,79,-,55
2025-02-28,NOCHE,64,R,53
2025-03-01,MEDIODÍA,46,-,96
2025-03-01,TARDE,55,R,63
2025-03-01,NOCHE,71,R,95
2025-03-02,MEDIODÍA,37,R,63
2025-03-02,TARDE,77,-,73
2025-03-02,NOCHE,66,-,21
2025-03-03,MEDIODÍA,77,-,19
2025-03-03,TARDE,43,-,80
2025-03-03,NOCHE,71,R,36
2025-03-04,MEDIODÍA,94,-,83
2025-03-04,TARDE,53,R,16
2025-03-04,NOCHE,69,R,43
2025-03-05,MEDIODÍA,96,-,57
2025-03-05,TARDE,65,-,48
2025-03-05,NOCHE,99,R,94
2025-03-06,MEDIODÍA,56,-,32
2025-03-06,TARDE,81,R,96
2025-03-06,NOCHE,17,-,69
2025-03-07,MEDIODÍA,47,-,68
2025-03-07,TARDE,88,-,0
2025-03-07,NOCHE,62,R,1
2025-03-08,MEDIODÍA,91,-,12
2025-03-08,TARDE,9,-,83
2025-03-08,NOCHE,59,-,68
2025-03-09,MEDIODÍA,82,-,99
2025-03-09,TARDE,70,-,21
2025-03-09,NOCHE,46,R,74
2025-03-10,MEDIODÍA,21,R,70
2025-03-10,TARDE,38,-,72
2025-03-10,NOCHE,0,-,12
2025-03-11,MEDIODÍA,57,-,2
2025-03-11,TARDE,36,-,64
2025-03-11,NOCHE,8,R,31
2025-03-12,MEDIODÍA,27,R,72
2025-03-12,TARDE,65,-,47
2025-03-12,NOCHE,75,-,4
2025-03-13,MEDIODÍA,16,-,18
2025-03-13,TARDE,94,-,25
2025-03-13,NOCHE,0,-,10
2025-03-14,MEDIODÍA,83,R,31
2025-03-14,TARDE,38,-,93
2025-03-14,NOCHE,52,R,52
2025-03-15,MEDIODÍA,40,-,7
2025-03-15,TARDE,9,R,31
2025-03-15,NOCHE,28,-,44
2025-03-16,MEDIODÍA,38,R,51
2025-03-16,TARDE,74,R,1
2025-03-16,NOCHE,64,-,85
2025-03-17,MEDIODÍA,20,R,31
2025-03-17,TARDE,64,-,44
2025-03-17,NOCHE,3,R,33
2025-03-18,MEDIODÍA,1,-,24
2025-03-18,TARDE,54,-,85
2025-03-18,NOCHE,73,R,80
2025-03-19,MEDIODÍA,76,-,59
2025-03-19,TARDE,55,R,66
2025-03-19,NOCHE,80,R,74
2025-03-20,MEDIODÍA,87,R,69
2025-03-20,TARDE,90,-,39
2025-03-20,NOCHE,83,R,58
2025-03-21,MEDIODÍA,77,-,69
2025-03-21,TARDE,3,R,69
2025-03-21,NOCHE,38,-,48
2025-03-22,MEDIODÍA,40,-,47
2025-03-22,TARDE,63,-,78
2025-03-22,NOCHE,35,R,92
2025-03-23,MEDIODÍA,60,R,67
2025-03-23,TARDE,2,-,20
2025-03-23,NOCHE,44,-,14
2025-03-24,MEDIODÍA,81,R,63
2025-03-24,TARDE,88,-,1
2025-03-24,NOCHE,54,R,82
2025-03-25,MEDIODÍA,24,R,75
2025-03-25,TARDE,8,R,21
2025-03-25,NOCHE,73,-,15
2025-03-26,MEDIODÍA,50,-,84
2025-03-26,TARDE,97,-,73
2025-03-26,NOCHE,4,-,76
2025-03-27,MEDIODÍA,72,-,50
2025-03-27,TARDE,65,R,70
2025-03-27,NOCHE,22,-,22
2025-03-28,MEDIODÍA,13,R,26
2025-03-28,TARDE,49,R,45
2025-03-28,NOCHE,24,-,72
2025-03-29,MEDIODÍA,64,-,51
2025-03-29,TARDE,57,R,97
2025-03-29,NOCHE,10,-,64
2025-03-30,MEDIODÍA,18,-,69
2025-03-30,TARDE,11,-,75
2025-03-30,NOCHE,26,R,83
2025-03-31,MEDIODÍA,79,-,49
2025-03-31,TARDE,73,-,87
2025-03-31,NOCHE,24,R,25
2025-04-01,MEDIODÍA,64,R,20
2025-04-01,TARDE,91,R,26
2025-04-01,NOCHE,33,-,75
2025-04-02,MEDIODÍA,77,R,29
2025-04-02,TARDE,91,R,46
2025-04-02,NOCHE,25,-,78
2025-04-03,MEDIODÍA,34,-,98
2025-04-03,TARDE,82,-,35
2025-04-03,NOCHE,10,R,18
2025-04-04,MEDIODÍA,6,-,7
2025-04-04,TARDE,50,-,10
2025-04-04,NOCHE,35,-,9
2025-04-05,MEDIODÍA,44,-,27
2025-04-05,TARDE,51,-,6
2025-04-05,NOCHE,19,R,85
2025-04-06,MEDIODÍA,74,-,5
2025-04-06,TARDE,57,R,45
2025-04-06,NOCHE,26,-,4
2025-04-07,MEDIODÍA,61,R,23
2025-04-07,TARDE,91,R,58
2025-04-07,NOCHE,76,-,38
2025-04-08,MEDIODÍA,81,R,25
2025-04-08,TARDE,92,R,91
2025-04-08,NOCHE,44,-,18
2025-04-09,MEDIODÍA,36,-,71
2025-04-09,TARDE,43,R,14
2025-04-09,NOCHE,5,-,21
2025-04-10,MEDIODÍA,75,-,43
2025-04-10,TARDE,69,-,95
2025-04-10,NOCHE,98,-,68
2025-04-11,MEDIODÍA,58,R,22
2025-04-11,TARDE,92,R,5
2025-04-11,NOCHE,2,-,31
2025-04-12,MEDIODÍA,76,-,1
2025-04-12,TARDE,97,-,53
2025-04-12,NOCHE,97,-,72
2025-04-13,MEDIODÍA,70,-,1
2025-04-13,TARDE,93,R,54
2025-04-13,NOCHE,31,-,61
2025-04-14,MEDIODÍA,97,-,51
2025-04-14,TARDE,31,R,53
2025-04-14,NOCHE,78,R,92
2025-04-15,MEDIODÍA,60,-,10
2025-04-15,TARDE,87,-,4
2025-04-15,NOCHE,69,R,32
2025-04-16,MEDIODÍA,94,-,10
2025-04-16,TARDE,63,R,1
2025-04-16,NOCHE,17,-,8
2025-04-21,MEDIODÍA,47,-,29
2025-04-21,TARDE,43,-,25
2025-04-21,NOCHE,68,-,55
2025-04-22,MEDIODÍA,27,-,94
2025-04-22,TARDE,27,-,53
2025-04-22,NOCHE,80,-,23
2025-04-23,MEDIODÍA,69,-,0
2025-04-23,TARDE,93,-,32
2025-04-23,NOCHE,84,R,91
2025-04-24,MEDIODÍA,65,-,81
2025-04-24,TARDE,43,-,90
2025-04-24,NOCHE,3,-,2
2025-04-25,MEDIODÍA,53,R,94
2025-04-25,TARDE,77,-,41
2025-04-25,NOCHE,16,-,34
2025-04-26,MEDIODÍA,69,-,25
2025-04-26,TARDE,81,-,55
2025-04-26,NOCHE,8,R,17
2025-04-27,MEDIODÍA,7,R,22
2025-04-27,TARDE,29,-,19
2025-04-27,NOCHE,21,R,53
2025-04-28,MEDIODÍA,51,R,92
2025-04-28,TARDE,40,R,6
2025-04-28,NOCHE,22,R,77
2025-04-29,MEDIODÍA,80,-,30
2025-04-29,TARDE,92,-,27
2025-04-29,NOCHE,3,R,5
2025-04-30,MEDIODÍA,5,R,91
2025-04-30,TARDE,39,-,24
2025-04-30,NOCHE,22,R,75
2025-05-01,MEDIODÍA,17,-,67
2025-05-01,TARDE,62,-,7
2025-05-01,NOCHE,56,-,44
2025-05-02,MEDIODÍA,22,-,61
2025-05-02,TARDE,85,R,21
2025-05-02,NOCHE,67,-,3
2025-05-03,MEDIODÍA,65,-,31
2025-05-03,TARDE,94,-,81
2025-05-03,NOCHE,62,-,9
2025-05-04,MEDIODÍA,85,-,17
2025-05-04,TARDE,30,R,57
2025-05-04,NOCHE,9,-,72
2025-05-05,MEDIODÍA,63,-,89
2025-05-05,TARDE,62,R,1
2025-05-05,NOCHE,68,-,72
2025-05-06,MEDIODÍA,4,R,56
2025-05-06,TARDE,82,R,19
2025-05-06,NOCHE,20,-,15
2025-05-07,MEDIODÍA,89,R,24
2025-05-07,TARDE,84,-,3
2025-05-07,NOCHE,9,-,10
2025-05-08,MEDIODÍA,45,-,27
2025-05-08,TARDE,66,R,2
2025-05-08,NOCHE,57,-,78
2025-05-09,MEDIODÍA,27,-,94
2025-05-09,TARDE,29,R,93
2025-05-09,NOCHE,69,R,62
2025-05-10,MEDIODÍA,62,-,83
2025-05-10,TARDE,53,-,10
2025-05-10,NOCHE,13,-,84
2025-05-11,MEDIODÍA,50,-,70
2025-05-11,TARDE,91,R,88
2025-05-11,NOCHE,89,-,1
2025-05-12,MEDIODÍA,25,-,42
2025-05-12,TARDE,68,R,67
2025-05-12,NOCHE,36,R,74
2025-05-13,MEDIODÍA,14,-,82
2025-05-13,TARDE,75,R,10
2025-05-13,NOCHE,52,R,32
2025-05-14,MEDIODÍA,54,-,31
2025-05-14,TARDE,57,R,32
2025-05-14,NOCHE,6,-,79
2025-05-15,MEDIODÍA,57,-,32
2025-05-15,TARDE,60,R,34
2025-05-15,NOCHE,18,R,62
2025-05-16,MEDIODÍA,54,-,70
2025-05-16,TARDE,75,-,46
2025-05-16,NOCHE,86,-,20
2025-05-17,MEDIODÍA,99,-,36
2025-05-17,TARDE,39,R,84
2025-05-17,NOCHE,92,-,92
2025-05-18,MEDIODÍA,42,-,90
2025-05-18,TARDE,95,-,4
2025-05-18,NOCHE,37,-,72
2025-05-19,MEDIODÍA,44,-,94
2025-05-19,TARDE,92,-,75
2025-05-19,NOCHE,23,-,19
2025-05-20,MEDIODÍA,35,-,75
2025-05-20,TARDE,41,-,37
2025-05-20,NOCHE,55,-,19
2025-05-21,MEDIODÍA,81,-,4
2025-05-21,TARDE,17,-,82
2025-05-21,NOCHE,40,-,76
2025-05-22,MEDIODÍA,88,-,89
2025-05-22,TARDE,42,-,44
2025-05-22,NOCHE,38,-,9
2025-05-23,MEDIODÍA,9,-,82
2025-05-23,TARDE,93,-,93
2025-05-23,NOCHE,94,-,19
2025-05-24,MEDIODÍA,15,R,34
2025-05-24,TARDE,56,-,33
2025-05-24,NOCHE,37,-,91
2025-05-25,MEDIODÍA,89,-,80
2025-05-25,TARDE,14,-,8
2025-05-25,NOCHE,63,-,80
2025-05-26,MEDIODÍA,42,-,47
2025-05-26,TARDE,86,-,26
2025-05-26,NOCHE,62,-,69
2025-05-27,MEDIODÍA,99,-,41
2025-05-27,TARDE,52,-,17
2025-05-27,NOCHE,26,-,23
2025-05-28,MEDIODÍA,3,R,95
2025-05-28,TARDE,96,-,13
2025-05-28,NOCHE,33,-,20
2025-05-29,MEDIODÍA,97,-,92
2025-05-29,TARDE,65,R,29
2025-05-29,NOCHE,87,-,17
2025-05-30,MEDIODÍA,37,-,61
2025-05-30,TARDE,28,-,68
2025-05-30,NOCHE,62,R,76
2025-05-31,MEDIODÍA,8,-,19
2025-05-31,TARDE,12,-,89
2025-05-31,NOCHE,44,-,2
2025-06-01,MEDIODÍA,77,R,66
2025-06-01,TARDE,48,-,0
2025-06-01,NOCHE,87,-,47
2025-06-02,MEDIODÍA,9,R,38
2025-06-02,TARDE,68,-,92
2025-06-02,NOCHE,56,-,99
2025-06-03,MEDIODÍA,22,R,51
2025-06-03,TARDE,27,-,4
2025-06-03,NOCHE,26,R,46
2025-06-04,MEDIODÍA,27,-,96
2025-06-04,TARDE,91,R,10
2025-06-04,NOCHE,20,-,61
2025-06-05,MEDIODÍA,51,-,11
2025-06-05,TARDE,35,-,23
2025-06-05,NOCHE,22,-,2
2025-06-06,MEDIODÍA,55,R,55
2025-06-06,TARDE,61,-,52
2025-06-06,NOCHE,65,-,27
2025-06-07,MEDIODÍA,5,-,95
2025-06-07,TARDE,31,R,43
2025-06-07,NOCHE,42,-,91
2025-06-08,MEDIODÍA,87,R,22
2025-06-08,TARDE,39,-,35
2025-06-08,NOCHE,20,-,39
2025-06-09,MEDIODÍA,21,-,48
2025-06-09,TARDE,2,-,69
2025-06-09,NOCHE,24,-,30
2025-06-10,MEDIODÍA,41,R,34
2025-06-10,TARDE,57,-,71
2025-06-10,NOCHE,56,-,76
2025-06-11,MEDIODÍA,3,-,27
2025-06-11,TARDE,53,R,2
2025-06-11,NOCHE,6,R,88
2025-06-12,MEDIODÍA,45,-,27
2025-06-12,TARDE,30,-,69
2025-06-12,NOCHE,44,-,46
2025-06-13,MEDIODÍA,81,R,66
2025-06-13,TARDE,66,-,21
2025-06-13,NOCHE,53,-,88
2025-06-14,MEDIODÍA,77,-,60
2025-06-14,TARDE,35,-,75
2025-06-14,NOCHE,16,R,24
2025-06-15,MEDIODÍA,38,-,80
2025-06-15,TARDE,1,-,42
2025-06-15,NOCHE,87,R,56
2025-06-16,MEDIODÍA,83,-,56
2025-06-16,TARDE,99,R,34
2025-06-16,NOCHE,98,R,70
2025-06-17,MEDIODÍA,1,-,78
2025-06-17,TARDE,77,R,98
2025-06-17,NOCHE,65,R,18
2025-06-18,MEDIODÍA,81,-,78
2025-06-18,TARDE,82,-,37
2025-06-18,NOCHE,82,-,98
2025-06-19,MEDIODÍA,46,R,53
2025-06-19,TARDE,25,-,58
2025-06-19,NOCHE,58,-,71
2025-06-20,MEDIODÍA,65,-,33
2025-06-20,TARDE,28,R,3
2025-06-20,NOCHE,23,-,5
2025-06-21,MEDIODÍA,2,-,42
2025-06-21,TARDE,87,R,12
2025-06-21,NOCHE,55,R,79
2025-06-22,MEDIODÍA,4,R,83
2025-06-22,TARDE,73,-,66
2025-06-22,NOCHE,13,-,2
2025-06-23,MEDIODÍA,32,-,21
2025-06-23,TARDE,12,R,93
2025-06-23,NOCHE,4,-,49
2025-06-24,MEDIODÍA,13,-,37
2025-06-24,TARDE,70,R,80
2025-06-24,NOCHE,62,-,74
2025-06-25,MEDIODÍA,28,R,27
2025-06-25,TARDE,78,-,81
2025-06-25,NOCHE,33,-,98
2025-06-26,MEDIODÍA,34,R,56
2025-06-26,TARDE,98,-,22
2025-06-26,NOCHE,34,R,56
2025-06-27,MEDIODÍA,9,R,90
2025-06-27,TARDE,30,R,99
2025-06-27,NOCHE,79,R,86
2025-06-28,MEDIODÍA,93,R,76
2025-06-28,TARDE,60,-,18
2025-06-28,NOCHE,26,-,44
2025-06-29,MEDIODÍA,2,R,18
2025-06-29,TARDE,6,-,53
2025-06-29,NOCHE,55,-,22
2025-06-30,MEDIODÍA,80,-,34
2025-06-30,TARDE,98,-,77
2025-06-30,NOCHE,91,-,35
2025-07-01,MEDIODÍA,40,-,1
2025-07-01,TARDE,5,-,63
2025-07-01,NOCHE,9,-,47
2025-07-02,MEDIODÍA,84,-,22
2025-07-02,TARDE,55,-,76
2025-07-02,NOCHE,67,R,81
2025-07-03,MEDIODÍA,5,-,2
2025-07-03,TARDE,59,R,40
2025-07-03,NOCHE,34,R,5
2025-07-04,MEDIODÍA,33,-,12
2025-07-04,TARDE,60,-,98
2025-07-04,NOCHE,8,-,28
2025-07-05,MEDIODÍA,74,-,9
2025-07-05,TARDE,92,-,57
2025-07-05,NOCHE,11,R,38
2025-07-06,MEDIODÍA,9,-,51
2025-07-06,TARDE,83,-,48
2025-07-06,NOCHE,52,R,98
2025-07-07,MEDIODÍA,36,-,19
2025-07-07,TARDE,15,R,99
2025-07-07,NOCHE,22,-,16
2025-07-08,MEDIODÍA,78,R,5
2025-07-08,TARDE,71,-,8
2025-07-08,NOCHE,96,R,98
2025-07-09,MEDIODÍA,93,-,14
2025-07-09,TARDE,15,-,88
2025-07-09,NOCHE,82,-,8
2025-07-10,MEDIODÍA,64,-,29
2025-07-10,TARDE,72,R,93
2025-07-10,NOCHE,11,R,61
2025-07-11,MEDIODÍA,90,R,33
2025-07-11,TARDE,49,-,84
2025-07-11,NOCHE,40,R,73
2025-07-12,MEDIODÍA,33,-,3
2025-07-12,TARDE,84,R,98
2025-07-12,NOCHE,14,-,33
2025-07-13,MEDIODÍA,98,R,70
2025-07-13,TARDE,44,-,84
2025-07-13,NOCHE,61,R,31
2025-07-14,MEDIODÍA,27,-,35
2025-07-14,TARDE,61,-,20
2025-07-14,NOCHE,66,-,93
2025-07-15,MEDIODÍA,23,-,62
2025-07-15,TARDE,61,R,74
2025-07-15,NOCHE,48,-,9
2025-07-16,MEDIODÍA,6,R,49
2025-07-16,TARDE,53,-,7
2025-07-16,NOCHE,20,R,11
2025-07-17,MEDIODÍA,85,R,69
2025-07-17,TARDE,96,R,2
2025-07-17,NOCHE,27,-,77
2025-07-18,MEDIODÍA,0,-,98
2025-07-18,TARDE,14,-,16
2025-07-18,NOCHE,96,R,92
2025-07-19,MEDIODÍA,85,R,67
2025-07-19,TARDE,47,-,55
2025-07-19,NOCHE,89,-,3
2025-07-20,MEDIODÍA,6,-,39
2025-07-20,TARDE,31,R,96
2025-07-20,NOCHE,46,-,27
2025-07-21,MEDIODÍA,57,-,28
2025-07-21,TARDE,40,R,84
2025-07-21,NOCHE,89,R,97
2025-07-22,MEDIODÍA,96,-,60
2025-07-22,TARDE,53,-,46
2025-07-22,NOCHE,29,-,0
2025-07-23,MEDIODÍA,30,-,11
2025-07-23,TARDE,71,-,37
2025-07-23,NOCHE,35,-,52
2025-07-24,MEDIODÍA,64,-,72
2025-07-24,TARDE,4,-,41
2025-07-24,NOCHE,88,R,37
2025-07-25,MEDIODÍA,54,R,33
2025-07-25,TARDE,75,R,82
2025-07-25,NOCHE,39,-,88
2025-07-26,MEDIODÍA,29,R,61
2025-07-26,TARDE,31,-,93
2025-07-26,NOCHE,80,-,64
2025-07-27,MEDIODÍA,25,-,62
2025-07-27,TARDE,4,-,69
2025-07-27,NOCHE,69,R,53
2025-07-28,MEDIODÍA,38,R,43
2025-07-28,TARDE,4,R,80
2025-07-28,NOCHE,53,-,24
2025-07-29,MEDIODÍA,74,-,51
2025-07-29,TARDE,65,-,17
2025-07-29,NOCHE,67,-,79
2025-07-30,MEDIODÍA,31,-,46
2025-07-30,TARDE,89,-,68
2025-07-30,NOCHE,92,R,12
2025-07-31,MEDIODÍA,87,R,87
2025-07-31,TARDE,32,-,37
2025-07-31,NOCHE,93,-,6
2025-08-01,MEDIODÍA,12,-,58
2025-08-01,TARDE,98,R,70
2025-08-01,NOCHE,52,R,36
2025-08-02,MEDIODÍA,60,-,18
2025-08-02,TARDE,52,-,16
2025-08-02,NOCHE,26,-,65
2025-08-03,MEDIODÍA,66,-,96
2025-08-03,TARDE,90,-,26
2025-08-03,NOCHE,45,-,21
2025-08-04,MEDIODÍA,99,-,66
2025-08-04,TARDE,98,-,86
2025-08-04,NOCHE,29,-,87
2025-08-05,MEDIODÍA,90,-,92
2025-08-05,TARDE,0,-,54
2025-08-05,NOCHE,24,-,81
2025-08-06,MEDIODÍA,40,-,0
2025-08-06,TARDE,95,-,68
2025-08-06,NOCHE,49,R,64
2025-08-07,MEDIODÍA,59,-,13
2025-08-07,TARDE,40,-,75
2025-08-07,NOCHE,56,-,21
2025-08-08,MEDIODÍA,9,-,54
2025-08-08,TARDE,97,R,95
2025-08-08,NOCHE,21,-,74
2025-08-09,MEDIODÍA,29,-,24
2025-08-09,TARDE,87,-,65
2025-08-09,NOCHE,59,-,37
2025-08-10,MEDIODÍA,0,-,78
2025-08-10,TARDE,74,-,46
2025-08-10,NOCHE,35,R,3
2025-08-11,MEDIODÍA,11,R,9
2025-08-11,TARDE,16,R,14
2025-08-11,NOCHE,59,-,26
2025-08-12,MEDIODÍA,64,-,16
2025-08-12,TARDE,30,-,75
2025-08-12,NOCHE,79,-,32
2025-08-13,MEDIODÍA,86,R,18
2025-08-13,TARDE,99,-,35
2025-08-13,NOCHE,1,-,1
2025-08-14,MEDIODÍA,25,-,69
2025-08-14,TARDE,28,-,41
2025-08-14,NOCHE,56,-,79
2025-08-15,MEDIODÍA,23,-,84
2025-08-15,TARDE,88,-,46
2025-08-15,NOCHE,22,R,87
2025-08-16,MEDIODÍA,9,-,58
2025-08-16,TARDE,30,-,71
2025-08-16,NOCHE,74,-,19
2025-08-17,MEDIODÍA,70,-,32
2025-08-17,TARDE,0,R,23
2025-08-17,NOCHE,71,R,87
2025-08-18,MEDIODÍA,7,-,97
2025-08-18,TARDE,71,-,51
2025-08-18,NOCHE,83,-,12
2025-08-19,MEDIODÍA,76,-,29
2025-08-19,TARDE,79,-,41
2025-08-19,NOCHE,78,-,81
2025-08-20,MEDIODÍA,2,-,64
2025-08-20,TARDE,43,-,73
2025-08-20,NOCHE,16,R,49
2025-08-21,MEDIODÍA,11,R,45
2025-08-21,TARDE,7,-,41
2025-08-21,NOCHE,3,R,15
2025-08-22,MEDIODÍA,76,-,96
2025-08-22,TARDE,40,-,94
2025-08-22,NOCHE,21,-,31
2025-08-23,MEDIODÍA,14,-,26
2025-08-23,TARDE,0,-,40
2025-08-23,NOCHE,7,R,52
2025-08-24,MEDIODÍA,83,-,68
2025-08-24,TARDE,47,-,79
2025-08-24,NOCHE,51,-,58
2025-08-25,MEDIODÍA,3,R,69
2025-08-25,TARDE,19,-,31
2025-08-25,NOCHE,21,-,81
2025-08-26,MEDIODÍA,19,-,73
2025-08-26,TARDE,58,R,91
2025-08-26,NOCHE,39,-,51
2025-08-27,MEDIODÍA,68,-,91
2025-08-27,TARDE,38,R,65
2025-08-27,NOCHE,16,-,82
2025-08-28,MEDIODÍA,34,-,41
2025-08-28,TARDE,69,-,34
2025-08-28,NOCHE,30,-,15
2025-08-29,MEDIODÍA,35,-,3
2025-08-29,TARDE,45,-,91
2025-08-29,NOCHE,21,R,49
2025-08-30,MEDIODÍA,24,-,38
2025-08-30,TARDE,16,-,82
2025-08-30,NOCHE,27,R,19
2025-08-31,MEDIODÍA,65,R,3
2025-08-31,TARDE,10,R,12
2025-08-31,NOCHE,9,-,1
2025-09-01,MEDIODÍA,48,-,7
2025-09-01,TARDE,22,R,83
2025-09-01,NOCHE,33,R,94
2025-09-02,MEDIODÍA,83,-,75
2025-09-02,TARDE,0,-,98
2025-09-02,NOCHE,82,-,55
2025-09-03,MEDIODÍA,29,-,36
2025-09-03,TARDE,9,R,35
2025-09-03,NOCHE,20,-,25
2025-09-04,MEDIODÍA,78,R,23
2025-09-04,TARDE,26,-,85
2025-09-04,NOCHE,52,-,18
2025-09-05,MEDIODÍA,46,R,30
2025-09-05,TARDE,75,R,62
2025-09-05,NOCHE,94,-,20
2025-09-06,MEDIODÍA,28,-,18
2025-09-06,TARDE,94,-,69
2025-09-06,NOCHE,53,-,56
2025-09-07,MEDIODÍA,70,R,59
2025-09-07,TARDE,63,-,94
2025-09-07,NOCHE,58,R,98
2025-09-08,MEDIODÍA,52,-,27
2025-09-08,TARDE,0,-,90
2025-09-08,NOCHE,39,-,18
2025-09-09,MEDIODÍA,42,R,87
2025-09-09,TARDE,15,-,58
2025-09-09,NOCHE,7,R,52
2025-09-10,MEDIODÍA,14,-,28
2025-09-10,TARDE,9,R,39
2025-09-10,NOCHE,39,R,49
2025-09-11,MEDIODÍA,21,-,66
2025-09-11,TARDE,60,-,23
2025-09-11,NOCHE,34,-,80
2025-09-12,MEDIODÍA,1,-,9
2025-09-12,TARDE,3,R,79
2025-09-12,NOCHE,5,R,11
2025-09-13,MEDIODÍA,47,-,85
2025-09-13,TARDE,4,R,94
2025-09-13,NOCHE,58,-,77
2025-09-14,MEDIODÍA,81,-,46
2025-09-14,TARDE,55,-,81
2025-09-14,NOCHE,67,-,66
2025-09-15,MEDIODÍA,88,-,83
2025-09-15,TARDE,17,R,38
2025-09-15,NOCHE,12,-,28
2025-09-16,MEDIODÍA,38,R,98
2025-09-16,TARDE,81,-,23
2025-09-16,NOCHE,95,-,20
2025-09-17,MEDIODÍA,42,R,39
2025-09-17,TARDE,90,R,90
2025-09-17,NOCHE,76,R,71
2025-09-18,MEDIODÍA,55,R,99
2025-09-18,TARDE,58,-,54
2025-09-18,NOCHE,5,-,94
2025-09-19,MEDIODÍA,20,-,81
2025-09-19,TARDE,22,R,7
2025-09-19,NOCHE,14,-,89
2025-09-20,MEDIODÍA,69,-,86
2025-09-20,TARDE,75,-,67
2025-09-20,NOCHE,25,-,46
2025-09-21,MEDIODÍA,3,-,40
2025-09-21,TARDE,90,R,25
2025-09-21,NOCHE,60,-,6
2025-09-22,MEDIODÍA,22,-,99
2025-09-22,TARDE,32,R,5
2025-09-22,NOCHE,93,-,28
2025-09-23,MEDIODÍA,89,-,93
2025-09-23,TARDE,84,-,91
2025-09-23,NOCHE,77,-,24
2025-09-24,MEDIODÍA,70,R,97
2025-09-24,TARDE,36,-,76
2025-09-24,NOCHE,52,-,32
2025-09-25,MEDIODÍA,4,-,84
2025-09-25,TARDE,5,R,66
2025-09-25,NOCHE,38,-,74
2025-09-26,MEDIODÍA,50,R,87
2025-09-26,TARDE,1,-,15
2025-09-26,NOCHE,72,R,6
2025-09-27,MEDIODÍA,54,-,90
2025-09-27,TARDE,72,-,70
2025-09-27,NOCHE,73,-,55
2025-09-28,MEDIODÍA,47,R,99
2025-09-28,TARDE,35,R,27
2025-09-28,NOCHE,24,-,7
2025-09-29,MEDIODÍA,55,R,67
2025-09-29,TARDE,68,R,26
2025-09-29,NOCHE,96,-,55
2025-09-30,MEDIODÍA,40,-,72
2025-09-30,TARDE,56,-,19
2025-09-30,NOCHE,15,R,31
2025-10-01,MEDIODÍA,88,R,40
2025-10-01,TARDE,70,-,96
2025-10-01,NOCHE,1,-,83
2025-10-02,MEDIODÍA,70,-,82
2025-10-02,TARDE,45,R,18
2025-10-02,NOCHE,32,-,24
2025-10-03,MEDIODÍA,83,-,27
2025-10-03,TARDE,89,-,54
2025-10-03,NOCHE,72,-,43
2025-10-04,MEDIODÍA,55,-,39
2025-10-04,TARDE,47,R,82
2025-10-04,NOCHE,42,R,78
2025-10-05,MEDIODÍA,2,R,14
2025-10-05,TARDE,63,-,11
2025-10-05,NOCHE,85,-,74
2025-10-06,MEDIODÍA,9,R,16
2025-10-06,TARDE,97,-,5
2025-10-06,NOCHE,52,R,29
2025-10-07,MEDIODÍA,70,-,93
2025-10-07,TARDE,3,-,33
2025-10-07,NOCHE,43,R,31
2025-10-08,MEDIODÍA,8,-,80
2025-10-08,TARDE,48,-,53
2025-10-08,NOCHE,38,-,91
2025-10-09,MEDIODÍA,83,-,14
2025-10-09,TARDE,39,R,77
2025-10-09,NOCHE,12,-,63
2025-10-10,MEDIODÍA,88,-,13
2025-10-10,TARDE,15,-,84
2025-10-10,NOCHE,86,-,68
2025-10-11,MEDIODÍA,24,-,45
2025-10-11,TARDE,93,-,91
2025-10-11,NOCHE,99,-,18
2025-10-12,MEDIODÍA,22,R,86
2025-10-12,TARDE,98,-,98
2025-10-12,NOCHE,15,-,60
2025-10-13,MEDIODÍA,67,-,40
2025-10-13,TARDE,44,-,25
2025-10-13,NOCHE,79,-,76
2025-10-14,MEDIODÍA,16,-,57
2025-10-14,TARDE,56,-,20
2025-10-14,NOCHE,1,-,33
2025-10-15,MEDIODÍA,38,-,3
2025-10-15,TARDE,56,-,90
2025-10-15,NOCHE,27,-,97
2025-10-16,MEDIODÍA,12,R,71
2025-10-16,TARDE,87,R,6
2025-10-16,NOCHE,62,R,6
2025-10-17,MEDIODÍA,44,R,13
2025-10-17,TARDE,37,-,32
2025-10-17,NOCHE,2,-,27
2025-10-18,MEDIODÍA,13,-,75
2025-10-18,TARDE,38,R,69
2025-10-18,NOCHE,62,-,20
2025-10-19,MEDIODÍA,62,-,22
2025-10-19,TARDE,55,-,64
2025-10-19,NOCHE,60,-,41
2025-10-20,MEDIODÍA,47,R,10
2025-10-20,TARDE,91,R,58
2025-10-20,NOCHE,12,R,17
2025-10-21,MEDIODÍA,73,-,95
2025-10-21,TARDE,52,-,54
2025-10-21,NOCHE,31,R,72
2025-10-22,MEDIODÍA,32,R,81
2025-10-22,TARDE,80,R,22
2025-10-22,NOCHE,13,-,8
2025-10-23,MEDIODÍA,74,-,38
2025-10-23,TARDE,1,-,28
2025-10-23,NOCHE,3,-,85
2025-10-24,MEDIODÍA,2,-,42
2025-10-24,TARDE,44,R,77
2025-10-24,NOCHE,17,-,42
2025-10-25,MEDIODÍA,50,-,45
2025-10-25,TARDE,9,R,78
2025-10-25,NOCHE,51,R,51
2025-10-26,MEDIODÍA,55,R,3
2025-10-26,TARDE,0,-,11
2025-10-26,NOCHE,77,R,23
2025-10-27,MEDIODÍA,56,-,26
2025-10-27,TARDE,53,-,35
2025-10-27,NOCHE,39,-,82
2025-10-28,MEDIODÍA,18,-,80
2025-10-28,TARDE,9,-,67
2025-10-28,NOCHE,22,-,74
2025-10-29,MEDIODÍA,35,-,95
2025-10-29,TARDE,43,-,6
2025-10-29,NOCHE,51,R,64
2025-10-30,MEDIODÍA,71,-,2
2025-10-30,TARDE,56,-,54
2025-10-30,NOCHE,38,-,67
2025-10-31,MEDIODÍA,74,-,10
2025-10-31,TARDE,51,-,84
2025-10-31,NOCHE,85,-,64
2025-11-01,MEDIODÍA,44,R,17
2025-11-01,TARDE,17,-,88
2025-11-01,NOCHE,47,R,18
2025-11-02,MEDIODÍA,91,R,90
2025-11-02,TARDE,68,-,81
2025-11-02,NOCHE,73,-,78
2025-11-03,MEDIODÍA,86,-,99
2025-11-03,TARDE,91,-,93
2025-11-03,NOCHE,22,-,64
2025-11-04,MEDIODÍA,65,-,45
2025-11-04,TARDE,83,R,30
2025-11-04,NOCHE,17,-,32
2025-11-05,MEDIODÍA,62,R,50
2025-11-05,TARDE,79,R,63
2025-11-05,NOCHE,46,-,33
2025-11-06,MEDIODÍA,59,-,30
2025-11-06,TARDE,11,-,26
2025-11-06,NOCHE,72,R,37
2025-11-07,MEDIODÍA,59,-,83
2025-11-07,TARDE,87,R,9
2025-11-07,NOCHE,7,-,53
2025-11-08,MEDIODÍA,13,R,71
2025-11-08,TARDE,49,-,90
2025-11-08,NOCHE,35,R,56
2025-11-09,MEDIODÍA,22,R,51
2025-11-09,TARDE,49,-,50
2025-11-09,NOCHE,7,-,96
2025-11-10,MEDIODÍA,42,-,16
2025-11-10,TARDE,28,-,45
2025-11-10,NOCHE,11,R,69
2025-11-11,MEDIODÍA,50,-,8
2025-11-11,TARDE,43,-,81
2025-11-11,NOCHE,0,-,62
2025-11-12,MEDIODÍA,98,-,68
2025-11-12,TARDE,59,R,50
2025-11-12,NOCHE,35,-,95
2025-11-13,MEDIODÍA,76,-,61
2025-11-13,TARDE,71,-,99
2025-11-13,NOCHE,43,R,99
2025-11-14,MEDIODÍA,42,-,71
2025-11-14,TARDE,70,-,29
2025-11-14,NOCHE,65,-,80
2025-11-15,MEDIODÍA,80,-,6
2025-11-15,TARDE,92,R,67
2025-11-15,NOCHE,56,-,89
2025-11-16,MEDIODÍA,69,-,34
2025-11-16,TARDE,24,-,37
2025-11-16,NOCHE,31,-,95
2025-11-17,MEDIODÍA,5,-,26
2025-11-17,TARDE,29,-,68
2025-11-17,NOCHE,3,R,27
2025-11-18,MEDIODÍA,47,R,99
2025-11-18,TARDE,33,-,31
2025-11-18,NOCHE,32,R,97
2025-11-19,MEDIODÍA,84,-,17
2025-11-19,TARDE,56,-,57
2025-11-19,NOCHE,15,-,21
2025-11-20,MEDIODÍA,7,-,63
2025-11-20,TARDE,79,R,5
2025-11-20,NOCHE,88,-,22
2025-11-21,MEDIODÍA,91,-,66
2025-11-21,TARDE,45,R,48
2025-11-21,NOCHE,2,-,96
2025-11-22,MEDIODÍA,49,-,49
2025-11-22,TARDE,37,R,98
2025-11-22,NOCHE,45,R,85
2025-11-23,MEDIODÍA,33,-,11
2025-11-23,TARDE,62,R,29
2025-11-23,NOCHE,99,-,26
2025-11-24,MEDIODÍA,4,-,13
2025-11-24,TARDE,81,R,62
2025-11-24,NOCHE,38,-,57
2025-11-25,MEDIODÍA,49,-,88
2025-11-25,TARDE,81,-,26
2025-11-25,NOCHE,91,-,59
2025-11-26,MEDIODÍA,15,-,55
2025-11-26,TARDE,40,-,21
2025-11-26,NOCHE,29,-,16
2025-11-27,MEDIODÍA,31,-,11
2025-11-27,TARDE,43,-,62
2025-11-27,NOCHE,87,-,19
2025-11-28,MEDIODÍA,12,R,17
2025-11-28,TARDE,78,R,63
2025-11-28,NOCHE,10,-,46
2025-11-29,MEDIODÍA,73,R,66
2025-11-29,TARDE,55,-,82
2025-11-29,NOCHE,25,-,22
2025-11-30,MEDIODÍA,80,-,78
2025-11-30,TARDE,5,-,32
2025-11-30,NOCHE,78,-,46
2025-12-01,MEDIODÍA,79,R,71
2025-12-01,TARDE,78,R,24
2025-12-01,NOCHE,37,R,19
2025-12-02,MEDIODÍA,85,-,89
2025-12-02,TARDE,28,-,49
2025-12-02,NOCHE,39,R,64
2025-12-03,MEDIODÍA,37,-,71
2025-12-03,TARDE,37,-,3
2025-12-03,NOCHE,22,-,46
2025-12-04,MEDIODÍA,16,R,54
2025-12-04,TARDE,89,-,43
2025-12-04,NOCHE,81,-,23
2025-12-05,MEDIODÍA,12,-,4
2025-12-05,TARDE,56,-,14
2025-12-05,NOCHE,68,R,90
2025-12-06,MEDIODÍA,43,R,1
2025-12-06,TARDE,43,-,13
2025-12-06,NOCHE,57,R,29
2025-12-07,MEDIODÍA,53,R,23
2025-12-07,TARDE,4,-,31
2025-12-07,NOCHE,17,-,22
2025-12-08,MEDIODÍA,37,R,68
2025-12-08,TARDE,89,-,54
2025-12-08,NOCHE,11,R,38
2025-12-09,MEDIODÍA,2,-,58
2025-12-09,TARDE,79,-,26
2025-12-09,NOCHE,74,-,85
2025-12-10,MEDIODÍA,4,-,60
2025-12-10,TARDE,40,-,26
2025-12-10,NOCHE,26,R,35
2025-12-11,MEDIODÍA,85,R,78
2025-12-11,TARDE,48,-,83
2025-12-11,NOCHE,31,-,23
2025-12-12,MEDIODÍA,52,-,35
2025-12-12,TARDE,46,R,25
2025-12-12,NOCHE,76,R,24
2025-12-13,MEDIODÍA,59,-,23
2025-12-13,TARDE,11,-,3
2025-12-13,NOCHE,44,R,31
2025-12-14,MEDIODÍA,93,-,88
2025-12-14,TARDE,64,-,43
2025-12-14,NOCHE,78,-,25
2025-12-15,MEDIODÍA,86,-,6
2025-12-15,TARDE,80,-,91
2025-12-15,NOCHE,59,-,97
2025-12-16,MEDIODÍA,21,-,89
2025-12-16,TARDE,89,-,98
2025-12-16,NOCHE,60,-,90
2025-12-17,MEDIODÍA,45,-,90
2025-12-17,TARDE,42,-,95
2025-12-17,NOCHE,84,-,58
2025-12-18,MEDIODÍA,55,R,54
2025-12-18,TARDE,81,-,47
2025-12-18,NOCHE,33,-,90
2025-12-19,MEDIODÍA,97,R,92
2025-12-19,TARDE,63,-,67
2025-12-19,NOCHE,72,R,26
2025-12-20,MEDIODÍA,0,R,3
2025-12-20,TARDE,67,-,41
2025-12-20,NOCHE,1,-,31
2025-12-21,MEDIODÍA,37,-,15
2025-12-21,TARDE,87,R,5
2025-12-21,NOCHE,82,-,73
2025-12-22,MEDIODÍA,9,-,93
2025-12-22,TARDE,37,-,62
2025-12-22,NOCHE,8,-,86
2025-12-23,MEDIODÍA,24,-,71
2025-12-23,TARDE,17,R,6
2025-12-23,NOCHE,24,-,35
2025-12-24,MEDIODÍA,52,-,7
2025-12-24,TARDE,19,-,81
2025-12-26,MEDIODÍA,76,-,99
2025-12-26,TARDE,15,-,69
2025-12-26,NOCHE,69,-,29
2025-12-27,MEDIODÍA,9,R,22
2025-12-27,TARDE,18,-,41
2025-12-27,NOCHE,91,-,47
2025-12-28,MEDIODÍA,78,R,32
2025-12-28,TARDE,80,-,33
2025-12-28,NOCHE,35,-,70
2025-12-29,MEDIODÍA,2,-,12
2025-12-29,TARDE,75,R,73
2025-12-29,NOCHE,1,-,38
2025-12-30,MEDIODÍA,79,-,53
2025-12-30,TARDE,65,-,88
2025-12-30,NOCHE,74,R,36
2025-12-31,MEDIODÍA,50,-,0
2025-12-31,TARDE,14,-,79
2026-01-02,MEDIODÍA,30,-,21
2026-01-02,TARDE,67,-,13
2026-01-02,NOCHE,6,R,13
2026-01-03,MEDIODÍA,90,-,63
2026-01-03,TARDE,82,-,93
2026-01-03,NOCHE,38,-,46
2026-01-04,MEDIODÍA,48,R,98
2026-01-04,TARDE,4,R,4
2026-01-04,NOCHE,3,-,53
2026-01-05,MEDIODÍA,4,-,82
2026-01-05,TARDE,61,-,10
2026-01-05,NOCHE,25,-,36
2026-01-06,MEDIODÍA,36,R,83
2026-01-06,TARDE,18,R,48
2026-01-06,NOCHE,96,-,5
2026-01-07,MEDIODÍA,20,-,52
2026-01-07,TARDE,58,-,52
2026-01-07,NOCHE,73,-,48
2026-01-08,MEDIODÍA,29,R,6
2026-01-08,TARDE,33,R,46
2026-01-08,NOCHE,76,R,50
2026-01-09,MEDIODÍA,95,-,95
2026-01-09,TARDE,89,-,40
2026-01-09,NOCHE,19,-,77
2026-01-10,MEDIODÍA,14,-,57
2026-01-10,TARDE,87,-,20
2026-01-10,NOCHE,19,-,69
2026-01-11,MEDIODÍA,57,-,56
2026-01-11,TARDE,27,-,5
2026-01-11,NOCHE,63,R,37
2026-01-12,MEDIODÍA,97,R,72
2026-01-12,TARDE,26,R,72
2026-01-12,NOCHE,10,-,52
2026-01-13,MEDIODÍA,26,-,3
2026-01-13,TARDE,32,-,89
2026-01-13,NOCHE,55,R,91
2026-01-14,MEDIODÍA,36,-,19
2026-01-14,TARDE,99,-,90
2026-01-14,NOCHE,99,R,53
2026-01-15,MEDIODÍA,48,-,97
2026-01-15,TARDE,75,-,50
2026-01-15,NOCHE,72,-,97
2026-01-16,MEDIODÍA,88,R,41
2026-01-16,TARDE,74,R,61
2026-01-16,NOCHE,0,R,27
2026-01-17,MEDIODÍA,45,-,95
2026-01-17,TARDE,54,-,9
2026-01-17,NOCHE,33,R,51
2026-01-18,MEDIODÍA,1,-,83
2026-01-18,TARDE,6,-,90
2026-01-18,NOCHE,63,-,61
2026-01-19,MEDIODÍA,1,-,7
2026-01-19,TARDE,22,-,34
2026-01-19,NOCHE,96,R,94
2026-01-20,MEDIODÍA,25,-,50
2026-01-20,TARDE,39,-,56
2026-01-20,NOCHE,76,R,38
2026-01-21,MEDIODÍA,9,R,86
2026-01-21,TARDE,68,R,79
2026-01-21,NOCHE,37,-,83
2026-01-22,MEDIODÍA,89,-,27
2026-01-22,TARDE,78,-,77
2026-01-22,NOCHE,13,-,41
2026-01-23,MEDIODÍA,80,-,39
2026-01-23,TARDE,31,-,52
2026-01-23,NOCHE,45,R,92
2026-01-24,MEDIODÍA,70,R,81
2026-01-24,TARDE,24,R,70
2026-01-24,NOCHE,1,-,44
2026-01-25,MEDIODÍA,18,-,43
2026-01-25,TARDE,96,-,7
2026-01-25,NOCHE,85,-,52
2026-01-26,MEDIODÍA,44,-,48
2026-01-26,TARDE,34,-,61
2026-01-26,NOCHE,83,-,82
2026-01-27,MEDIODÍA,97,-,39
2026-01-27,TARDE,3,-,4
2026-01-27,NOCHE,58,-,50
2026-01-28,MEDIODÍA,27,-,9
2026-01-28,TARDE,72,-,13
2026-01-28,NOCHE,69,-,84
2026-01-29,MEDIODÍA,99,R,22
2026-01-29,TARDE,16,R,35
2026-01-29,NOCHE,66,R,78
2026-01-30,MEDIODÍA,82,-,70
2026-01-30,TARDE,92,-,13
2026-01-30,NOCHE,36,R,42
2026-01-31,MEDIODÍA,52,R,18
2026-01-31,TARDE,67,R,98
2026-01-31,NOCHE,63,R,29
2026-02-02,MEDIODÍA,46,-,4
2026-02-02,TARDE,74,-,30
2026-02-02,NOCHE,45,-,84
2026-02-03,MEDIODÍA,53,-,75
2026-02-03,TARDE,97,-,90
2026-02-03,NOCHE,84,-,32
2026-02-04,MEDIODÍA,74,R,42
2026-02-04,TARDE,17,R,44
2026-02-04,NOCHE,35,R,11
2026-02-05,MEDIODÍA,83,-,1
2026-02-05,TARDE,46,-,13
2026-02-05,NOCHE,38,-,65
2026-02-06,MEDIODÍA,73,-,48
2026-02-06,TARDE,93,-,37
2026-02-06,NOCHE,2,R,33
2026-02-07,MEDIODÍA,33,-,39
2026-02-07,TARDE,27,-,45
2026-02-07,NOCHE,69,R,85
2026-02-08,MEDIODÍA,25,R,62
2026-02-08,TARDE,71,R,30
2026-02-08,NOCHE,99,-,44
2026-02-09,MEDIODÍA,11,-,94
2026-02-09,TARDE,91,-,36
2026-02-09,NOCHE,8,-,5
2026-02-10,MEDIODÍA,77,R,36
2026-02-10,TARDE,3,R,82
2026-02-10,NOCHE,7,R,56
2026-02-11,MEDIODÍA,71,R,70
2026-02-11,TARDE,30,R,75
2026-02-11,NOCHE,30,-,43
2026-02-12,MEDIODÍA,1,-,10
2026-02-12,TARDE,18,-,87
2026-02-12,NOCHE,25,R,4
2026-02-13,MEDIODÍA,44,-,93
2026-02-13,TARDE,81,-,45
2026-02-13,NOCHE,91,-,65
2026-02-14,MEDIODÍA,40,R,83
2026-02-14,TARDE,99,R,50
2026-02-14,NOCHE,52,R,38
2026-02-15,MEDIODÍA,18,-,99
2026-02-15,TARDE,47,-,54
2026-02-15,NOCHE,32,-,86
2026-02-16,MEDIODÍA,52,R,69
2026-02-16,TARDE,6,R,26
2026-02-16,NOCHE,35,R,88
2026-02-17,MEDIODÍA,96,-,18
2026-02-17,TARDE,94,-,29
2026-02-17,NOCHE,70,-,86
2026-02-18,MEDIODÍA,20,-,97
2026-02-18,TARDE,12,R,41
2026-02-18,NOCHE,12,R,94
2026-02-19,MEDIODÍA,53,R,45
2026-02-19,TARDE,20,R,94
2026-02-19,NOCHE,41,R,94
2026-02-20,MEDIODÍA,86,-,13
2026-02-20,TARDE,97,-,14
2026-02-20,NOCHE,21,R,30
2026-02-21,MEDIODÍA,24,-,94
2026-02-21,TARDE,97,-,54
2026-02-21,NOCHE,87,-,99
2026-02-22,MEDIODÍA,91,R,73
2026-02-22,TARDE,96,R,85
2026-02-22,NOCHE,0,-,44
2026-02-23,MEDIODÍA,4,-,83
2026-02-23,TARDE,99,-,15
2026-02-23,NOCHE,43,-,70
2026-02-24,MEDIODÍA,95,R,2
2026-02-24,TARDE,32,R,92
2026-02-24,NOCHE,33,-,82
2026-02-25,MEDIODÍA,14,-,72
2026-02-25,TARDE,45,-,46
2026-02-25,NOCHE,64,R,38
2026-02-26,MEDIODÍA,37,R,48
2026-02-26,TARDE,1,-,10
2026-02-26,NOCHE,91,R,32
2026-02-27,MEDIODÍA,18,R,76
2026-02-27,TARDE,59,-,62
2026-02-27,NOCHE,98,R,4
2026-02-28,MEDIODÍA,10,R,71
2026-02-28,TARDE,14,R,67
2026-02-28,NOCHE,80,R,68
2026-03-01,MEDIODÍA,88,-,69
2026-03-01,TARDE,16,R,41
2026-03-01,NOCHE,59,R,21
2026-03-02,MEDIODÍA,63,R,19
2026-03-02,TARDE,31,R,89
2026-03-02,NOCHE,4,R,32
2026-03-03,MEDIODÍA,30,R,71
2026-03-03,TARDE,79,R,40
2026-03-03,NOCHE,85,R,54
2026-03-04,MEDIODÍA,98,-,99
2026-03-04,TARDE,92,R,14
2026-03-04,NOCHE,99,R,94
2026-03-05,MEDIODÍA,90,R,42
2026-03-05,TARDE,99,R,40
2026-03-05,NOCHE,93,R,42
2026-03-06,MEDIODÍA,10,R,79
2026-03-06,TARDE,91,-,40
2026-03-06,NOCHE,1,-,44
2026-03-07,MEDIODÍA,24,-,98
2026-03-07,TARDE,94,-,50
2026-03-07,NOCHE,90,R,88
2026-03-08,MEDIODÍA,90,R,99
2026-03-08,TARDE,93,-,30
2026-03-08,NOCHE,39,-,30
2026-03-09,MEDIODÍA,14,-,79
2026-03-09,TARDE,97,-,40
2026-03-09,NOCHE,91,R,40
2026-03-10,MEDIODÍA,51,-,37
2026-03-10,TARDE,46,-,96
2026-03-10,NOCHE,31,R,5
2026-03-11,MEDIODÍA,63,-,72
2026-03-11,TARDE,12,-,95
2026-03-11,NOCHE,2,-,64
2026-03-12,MEDIODÍA,23,R,84
2026-03-12,TARDE,43,R,64
2026-03-12,NOCHE,28,R,50
2026-03-13,MEDIODÍA,99,R,2
2026-03-13,TARDE,76,-,60
2026-03-13,NOCHE,8,-,60
2026-03-14,MEDIODÍA,82,-,41
2026-03-14,TARDE,6,R,69
2026-03-14,NOCHE,7,R,95
2026-03-15,MEDIODÍA,69,R,35
2026-03-15,TARDE,99,-,35
2026-03-15,NOCHE,72,-,40
2026-03-16,MEDIODÍA,97,R,15
2026-03-16,TARDE,33,R,38
2026-03-16,NOCHE,22,R,64
2026-03-17,MEDIODÍA,55,R,30
2026-03-17,TARDE,88,R,55
2026-03-17,NOCHE,66,R,94
2026-03-18,MEDIODÍA,29,R,37
2026-03-18,TARDE,86,-,67
2026-03-18,NOCHE,15,-,32
2026-03-19,MEDIODÍA,41,R,70
2026-03-19,TARDE,41,R,79
2026-03-19,NOCHE,49,R,35
2026-03-20,MEDIODÍA,77,-,31
2026-03-20,TARDE,21,-,76
2026-03-20,NOCHE,22,-,92
2026-03-21,MEDIODÍA,77,R,25
2026-03-21,TARDE,53,-,79
2026-03-21,NOCHE,48,-,42
2026-03-22,MEDIODÍA,13,-,54
2026-03-22,TARDE,22,-,70
2026-03-22,NOCHE,14,R,42
2026-03-23,MEDIODÍA,4,R,61
2026-03-23,TARDE,25,-,19
2026-03-23,NOCHE,99,-,93
2026-03-24,MEDIODÍA,71,-,91
2026-03-24,TARDE,71,-,26
2026-03-24,NOCHE,37,R,87
2026-03-25,MEDIODÍA,9,-,32
2026-03-25,TARDE,14,-,58
2026-03-25,NOCHE,72,-,7
2026-03-26,MEDIODÍA,6,R,97
2026-03-26,TARDE,58,R,7
2026-03-26,NOCHE,1,R,60
2026-03-27,MEDIODÍA,7,-,61
2026-03-27,TARDE,23,-,46
2026-03-27,NOCHE,28,R,56
2026-03-28,MEDIODÍA,62,-,32
2026-03-28,TARDE,46,-,22
2026-03-28,NOCHE,42,R,50
2026-03-29,MEDIODÍA,14,R,2
2026-03-29,TARDE,33,R,21
2026-03-29,NOCHE,46,-,73
2026-03-30,MEDIODÍA,45,-,68
2026-03-30,TARDE,11,-,32
2026-03-30,NOCHE,17,-,52
2026-03-31,MEDIODÍA,55,-,20
2026-03-31,TARDE,8,-,98
2026-03-31,NOCHE,78,-,93
2026-04-01,MEDIODÍA,59,-,62
2026-04-01,TARDE,74,-,62
2026-04-01,NOCHE,16,-,70
2026-04-06,MEDIODÍA,48,R,78
2026-04-06,TARDE,17,R,66
2026-04-06,NOCHE,85,-,77
2026-04-07,MEDIODÍA,42,-,4
2026-04-07,TARDE,98,-,41
2026-04-07,NOCHE,16,-,31
2026-04-08,MEDIODÍA,71,-,12
2026-04-08,TARDE,61,-,32
2026-04-08,NOCHE,76,R,53
2026-04-09,MEDIODÍA,54,R,14
2026-04-09,TARDE,69,-,55
2026-04-09,NOCHE,12,R,82
2026-04-10,MEDIODÍA,8,-,81
2026-04-10,TARDE,96,-,20
2026-04-10,NOCHE,27,-,91
2026-04-11,MEDIODÍA,20,-,99
2026-04-11,TARDE,68,-,96
2026-04-11,NOCHE,80,-,75
2026-04-12,MEDIODÍA,47,-,94
2026-04-12,TARDE,46,R,86
2026-04-12,NOCHE,81,-,8
2026-04-13,MEDIODÍA,54,R,52
2026-04-13,TARDE,68,R,9
2026-04-13,NOCHE,91,-,85
2026-04-14,MEDIODÍA,26,-,24
2026-04-14,TARDE,68,-,58
2026-04-14,NOCHE,62,R,66
2026-04-15,MEDIODÍA,50,-,44
2026-04-15,TARDE,2,-,80
2026-04-15,NOCHE,12,R,67
2026-04-16,MEDIODÍA,63,R,50
2026-04-16,TARDE,47,-,68
2026-04-16,NOCHE,18,-,77
2026-04-17,MEDIODÍA,49,-,53
2026-04-17,TARDE,88,-,21
2026-04-17,NOCHE,20,R,35
2026-04-18,MEDIODÍA,73,R,67
2026-04-18,TARDE,92,-,81
2026-04-18,NOCHE,24,-,10
2026-04-19,MEDIODÍA,85,-,17
2026-04-19,TARDE,47,-,99
2026-04-19,NOCHE,77,-,41
2026-04-20,MEDIODÍA,58,R,97
2026-04-20,TARDE,43,-,11
2026-04-20,NOCHE,5,R,34
2026-04-21,MEDIODÍA,43,-,96
2026-04-21,TARDE,33,-,2
2026-04-21,NOCHE,73,R,49
2026-04-22,MEDIODÍA,25,-,35
2026-04-22,TARDE,69,R,54
2026-04-22,NOCHE,23,-,94
2026-04-23,MEDIODÍA,33,-,5
2026-04-23,TARDE,65,-,90
2026-04-23,NOCHE,83,-,55
2026-04-24,MEDIODÍA,64,R,14
2026-04-24,TARDE,26,R,42
2026-04-24,NOCHE,32,R,4
2026-04-25,MEDIODÍA,31,R,30
2026-04-25,TARDE,40,R,17
2026-04-25,NOCHE,69,R,73
2026-04-26,MEDIODÍA,50,R,48
2026-04-26,TARDE,64,-,49
2026-04-26,NOCHE,96,-,23
2026-04-27,MEDIODÍA,82,-,48
2026-04-27,TARDE,66,-,50
2026-04-27,NOCHE,96,-,28
2026-04-28,MEDIODÍA,2,-,7
2026-04-28,TARDE,46,-,40
2026-04-28,NOCHE,2,R,42
2026-04-29,MEDIODÍA,41,R,62
2026-04-29,TARDE,17,R,61
2026-04-29,NOCHE,12,R,20
2026-04-30,MEDIODÍA,86,R,51
2026-04-30,TARDE,12,-,32
2026-04-30,NOCHE,43,-,71
2026-05-01,MEDIODÍA,69,-,88
2026-05-01,TARDE,36,-,80
2026-05-01,NOCHE,18,-,6
2026-05-02,MEDIODÍA,2,-,85
2026-05-02,TARDE,50,-,54
2026-05-02,NOCHE,30,-,25
2026-05-03,MEDIODÍA,77,-,70
2026-05-03,TARDE,23,R,13
2026-05-03,NOCHE,16,-,20
2026-05-04,MEDIODÍA,0,-,11
2026-05-04,TARDE,97,-,80
2026-05-04,NOCHE,52,-,78
2026-05-05,MEDIODÍA,76,-,3
2026-05-05,TARDE,18,-,24
2026-05-05,NOCHE,2,-,52
2026-05-06,MEDIODÍA,59,R,16
2026-05-06,TARDE,99,-,61
2026-05-06,NOCHE,68,R,60
2026-05-07,MEDIODÍA,87,-,76
2026-05-07,TARDE,63,R,34
2026-05-07,NOCHE,9,R,48
2026-05-08,MEDIODÍA,66,R,88
2026-05-08,TARDE,85,-,72
2026-05-08,NOCHE,92,-,61
2026-05-09,MEDIODÍA,51,-,63
2026-05-09,TARDE,29,R,90
2026-05-09,NOCHE,10,R,91
2026-05-10,MEDIODÍA,50,-,47
2026-05-10,TARDE,15,R,29
2026-05-10,NOCHE,92,R,99
2026-05-11,MEDIODÍA,21,R,81
2026-05-11,TARDE,83,R,41
2026-05-11,NOCHE,61,-,9
2026-05-12,MEDIODÍA,40,R,22
2026-05-12,TARDE,97,-,1
2026-05-12,NOCHE,68,-,40
2026-05-13,MEDIODÍA,72,R,43
2026-05-13,TARDE,71,-,68
2026-05-13,NOCHE,14,-,49
2026-05-14,MEDIODÍA,30,-,19
2026-05-14,TARDE,78,R,91
2026-05-14,NOCHE,1,-,28
2026-05-15,MEDIODÍA,68,-,4
2026-05-15,TARDE,86,-,57
2026-05-15,NOCHE,82,R,42
2026-05-16,MEDIODÍA,56,-,30
2026-05-16,TARDE,71,R,12
2026-05-16,NOCHE,61,-,63
2026-05-17,MEDIODÍA,90,R,78
2026-05-17,TARDE,89,R,52
2026-05-17,NOCHE,85,R,81
2026-05-18,MEDIODÍA,27,-,84
2026-05-18,TARDE,86,R,69
2026-05-18,NOCHE,49,R,1
2026-05-19,MEDIODÍA,6,-,0
2026-05-19,TARDE,6,-,54
2026-05-19,NOCHE,24,R,0
2026-05-20,MEDIODÍA,3,R,51
2026-05-20,TARDE,44,-,98
2026-05-20,NOCHE,95,-,80
2026-05-21,MEDIODÍA,83,-,70
2026-05-21,TARDE,75,R,81
2026-05-21,NOCHE,21,R,39
2026-05-22,MEDIODÍA,6,-,83
2026-05-22,TARDE,66,R,70
2026-05-22,NOCHE,56,-,29
2026-05-23,MEDIODÍA,97,-,46
2026-05-23,TARDE,2,R,1
2026-05-23,NOCHE,54,-,57
2026-05-24,MEDIODÍA,39,-,2
2026-05-24,TARDE,36,-,13
2026-05-24,NOCHE,5,-,67
2026-05-25,MEDIODÍA,0,-,40
2026-05-25,TARDE,29,-,35
2026-05-25,NOCHE,30,R,74
2026-05-26,MEDIODÍA,46,-,36
2026-05-26,TARDE,49,R,11
2026-05-26,NOCHE,53,-,10
2026-05-27,MEDIODÍA,24,R,91
2026-05-27,TARDE,57,-,1
2026-05-27,NOCHE,10,R,59
2026-05-28,MEDIODÍA,11,-,44
2026-05-28,TARDE,98,-,42
2026-05-28,NOCHE,45,-,36
2026-05-29,MEDIODÍA,94,-,98
2026-05-29,TARDE,71,-,79
2026-05-29,NOCHE,30,-,26
2026-05-30,MEDIODÍA,4,-,64
2026-05-30,TARDE,83,-,63
2026-05-30,NOCHE,32,-,18
2026-05-31,MEDIODÍA,79,R,95
2026-05-31,TARDE,35,R,92
2026-05-31,NOCHE,29,R,1
2026-06-01,MEDIODÍA,7,-,28
2026-06-01,TARDE,78,-,55
2026-06-01,NOCHE,42,-,7
2026-06-02,MEDIODÍA,24,-,6
2026-06-02,TARDE,88,-,92
2026-06-02,NOCHE,58,R,37
2026-06-03,MEDIODÍA,54,-,28
2026-06-03,TARDE,4,-,7
2026-06-03,NOCHE,81,-,8
2026-06-04,MEDIODÍA,11,-,85
2026-06-04,TARDE,95,-,85
2026-06-04,NOCHE,63,R,94
2026-06-05,MEDIODÍA,42,-,73
2026-06-05,TARDE,13,-,0
2026-06-05,NOCHE,96,R,99
2026-06-06,MEDIODÍA,27,R,75
2026-06-06,TARDE,78,R,55
2026-06-06,NOCHE,62,-,27
2026-06-07,MEDIODÍA,70,R,33
2026-06-07,TARDE,81,R,57
2026-06-07,NOCHE,91,-,46
2026-06-08,MEDIODÍA,73,-,66
2026-06-08,TARDE,56,R,84
2026-06-08,NOCHE,84,-,8
2026-06-09,MEDIODÍA,7,-,35
2026-06-09,TARDE,86,-,65
2026-06-09,NOCHE,12,R,47
2026-06-10,MEDIODÍA,95,R,45
2026-06-10,TARDE,0,-,50
2026-06-10,NOCHE,8,-,28
2026-06-11,MEDIODÍA,84,-,29
2026-06-11,TARDE,3,-,80
2026-06-11,NOCHE,29,-,32
2026-06-12,MEDIODÍA,56,-,68
2026-06-12,TARDE,7,-,37
2026-06-12,NOCHE,93,-,17
2026-06-13,MEDIODÍA,42,-,94
2026-06-13,TARDE,29,-,37
2026-06-13,NOCHE,59,-,47
2026-06-14,MEDIODÍA,64,R,32
2026-06-14,TARDE,29,R,0
2026-06-14,NOCHE,63,-,58
2026-06-15,MEDIODÍA,63,-,64
2026-06-15,TARDE,65,R,6
2026-06-15,NOCHE,12,-,5
2026-06-16,MEDIODÍA,37,R,78
2026-06-16,TARDE,37,R,79
2026-06-16,NOCHE,39,-,83
2026-06-17,MEDIODÍA,31,-,34
2026-06-17,TARDE,31,R,85
2026-06-17,NOCHE,14,-,1
2026-06-18,MEDIODÍA,69,-,59
2026-06-18,TARDE,48,-,69
2026-06-18,NOCHE,21,-,53
2026-06-19,MEDIODÍA,52,R,29
2026-06-19,TARDE,44,R,41
2026-06-19,NOCHE,93,-,67
2026-06-20,MEDIODÍA,28,R,5
2026-06-20,TARDE,1,-,29
2026-06-20,NOCHE,46,-,71
2026-06-21,MEDIODÍA,40,-,9
2026-06-21,TARDE,19,R,67
2026-06-21,NOCHE,70,-,55
2026-06-22,MEDIODÍA,75,R,76
2026-06-22,TARDE,73,R,3
2026-06-22,NOCHE,47,-,5
2026-06-23,MEDIODÍA,84,R,3
2026-06-23,TARDE,12,R,74
2026-06-23,NOCHE,30,-,58
2026-06-24,MEDIODÍA,81,R,23
2026-06-24,TARDE,20,-,61
2026-06-24,NOCHE,95,-,23
2026-06-25,MEDIODÍA,96,R,81
2026-06-25,TARDE,93,-,30
2026-06-25,NOCHE,41,R,78
2026-06-26,MEDIODÍA,99,-,33
2026-06-26,TARDE,61,-,72
2026-06-26,NOCHE,59,-,67
2026-06-27,MEDIODÍA,33,-,26
2026-06-27,TARDE,69,-,90
2026-06-27,NOCHE,72,-,70
2026-06-28,MEDIODÍA,21,-,86
2026-06-28,TARDE,48,-,39
2026-06-28,NOCHE,11,-,93
2026-06-29,MEDIODÍA,45,R,14
2026-06-29,TARDE,69,-,30
2026-06-29,NOCHE,89,R,87
2026-06-30,MEDIODÍA,97,R,54
2026-06-30,TARDE,34,-,26
2026-06-30,NOCHE,84,-,19
2026-07-01,MEDIODÍA,67,-,68
2026-07-01,TARDE,33,R,95
2026-07-01,NOCHE,63,-,14
2026-07-02,MEDIODÍA,78,-,3
2026-07-02,TARDE,2,-,24
2026-07-02,NOCHE,54,-,79
2026-07-03,MEDIODÍA,96,R,78
2026-07-03,TARDE,40,R,65
2026-07-03,NOCHE,17,-,91
2026-07-04,MEDIODÍA,83,-,0
2026-07-04,TARDE,91,-,64
2026-07-04,NOCHE,8,R,11
2026-07-05,MEDIODÍA,4,-,57
2026-07-05,TARDE,11,-,33
2026-07-05,NOCHE,79,-,3
2026-07-06,MEDIODÍA,38,-,3
2026-07-06,TARDE,36,-,45
2026-07-06,NOCHE,58,-,27
2026-07-07,MEDIODÍA,34,R,98
2026-07-07,TARDE,88,-,63
2026-07-07,NOCHE,48,R,15
2026-07-08,MEDIODÍA,12,R,52
2026-07-08,TARDE,92,R,47
2026-07-08,NOCHE,71,-,67
2026-07-09,MEDIODÍA,13,-,3
2026-07-09,TARDE,18,-,64
2026-07-09,NOCHE,53,-,54
2026-07-10,MEDIODÍA,78,-,14
2026-07-10,TARDE,58,-,14
2026-07-10,NOCHE,34,-,43
2026-07-11,MEDIODÍA,36,R,30
2026-07-11,TARDE,58,R,97
2026-07-11,NOCHE,70,-,31
2026-07-12,MEDIODÍA,91,R,19
2026-07-12,TARDE,83,-,85
2026-07-12,NOCHE,80,R,59
2026-07-13,MEDIODÍA,93,R,61
2026-07-13,TARDE,92,R,53
2026-07-13,NOCHE,33,R,88
2026-07-14,MEDIODÍA,51,-,96
2026-07-14,TARDE,26,R,15
2026-07-14,NOCHE,99,R,76
2026-07-15,MEDIODÍA,27,R,24
2026-07-15,TARDE,63,-,16
2026-07-15,NOCHE,98,-,57
2026-07-16,MEDIODÍA,7,-,60
2026-07-16,TARDE,51,-,36
2026-07-16,NOCHE,4,R,7
2026-07-17,MEDIODÍA,29,-,34
2026-07-17,TARDE,88,-,7
2026-07-17,NOCHE,20,-,6
2026-07-18,MEDIODÍA,4,-,4
2026-07-18,TARDE,78,-,88
2026-07-18,NOCHE,6,-,73
2026-07-19,MEDIODÍA,62,R,62
2026-07-19,TARDE,43,-,26
2026-07-19,NOCHE,73,-,13
2026-07-20,MEDIODÍA,82,-,26
2026-07-20,TARDE,2,-,51
2026-07-20,NOCHE,3,-,68
2026-07-21,MEDIODÍA,30,-,8
2026-07-21,TARDE,72,R,68
2026-07-21,NOCHE,10,-,48
2026-07-22,MEDIODÍA,75,-,43
2026-07-22,TARDE,6,-,77
2026-07-22,NOCHE,36,-,67
2026-07-23,MEDIODÍA,52,-,84
2026-07-23,TARDE,90,R,76
2026-07-23,NOCHE,83,R,39
2026-07-24,MEDIODÍA,25,-,99
2026-07-24,TARDE,28,R,71
2026-07-24,NOCHE,38,-,51
2026-07-25,MEDIODÍA,64,R,84
2026-07-25,TARDE,24,R,33
2026-07-25,NOCHE,77,-,25
2026-07-26,MEDIODÍA,76,-,52
2026-07-26,TARDE,27,-,18
2026-07-26,NOCHE,67,R,30
2026-07-27,MEDIODÍA,38,R,36
2026-07-27,TARDE,47,-,85
2026-07-27,NOCHE,96,R,37
2026-07-28,MEDIODÍA,75,R,93
2026-07-28,TARDE,23,-,71
2026-07-28,NOCHE,61,R,46
2026-07-29,MEDIODÍA,72,R,12
2026-07-29,TARDE,23,R,17
2026-07-29,NOCHE,23,-,66
2026-07-30,MEDIODÍA,42,-,1
2026-07-30,TARDE,3,-,27
2026-07-30,NOCHE,66,-,81
2026-07-31,MEDIODÍA,56,-,10
2026-07-31,TARDE,78,-,51
2026-07-31,NOCHE,96,R,49
2026-08-01,MEDIODÍA,9,-,63
2026-08-01,TARDE,63,R,86
2026-08-01,NOCHE,11,-,47
2026-08-02,MEDIODÍA,59,R,7
2026-08-02,TARDE,62,-,86
2026-08-02,NOCHE,7,-,60
2026-08-03,MEDIODÍA,82,R,16
2026-08-03,TARDE,90,R,17
2026-08-03,NOCHE,17,-,67
2026-08-04,MEDIODÍA,30,-,54
2026-08-04,TARDE,40,-,59
2026-08-04,NOCHE,71,-,3
2026-08-05,MEDIODÍA,31,-,75
2026-08-05,TARDE,67,-,59
2026-08-05,NOCHE,80,-,40
2026-08-06,MEDIODÍA,43,R,79
2026-08-06,TARDE,16,-,91
2026-08-06,NOCHE,91,-,12
2026-08-07,MEDIODÍA,85,-,0
2026-08-07,TARDE,78,R,75
2026-08-07,NOCHE,59,-,38
2026-08-08,MEDIODÍA,35,-,83
2026-08-08,TARDE,92,-,57
2026-08-08,NOCHE,28,-,98
2026-08-09,MEDIODÍA,77,R,13
2026-08-09,TARDE,20,-,12
2026-08-09,NOCHE,16,-,24
2026-08-10,MEDIODÍA,85,-,54
2026-08-10,TARDE,80,-,5
2026-08-10,NOCHE,97,-,18
2026-08-11,MEDIODÍA,9,-,75
2026-08-11,TARDE,66,-,84
2026-08-11,NOCHE,30,-,47
2026-08-12,MEDIODÍA,65,-,80
2026-08-12,TARDE,61,-,46
2026-08-12,NOCHE,6,-,56
2026-08-13,MEDIODÍA,89,R,2
2026-08-13,TARDE,91,-,13
2026-08-13,NOCHE,86,R,45
2026-08-14,MEDIODÍA,55,-,19
2026-08-14,TARDE,9,R,72
2026-08-14,NOCHE,68,-,23
2026-08-15,MEDIODÍA,39,-,2
2026-08-15,TARDE,28,R,12
2026-08-15,NOCHE,41,R,66
2026-08-16,MEDIODÍA,54,-,38
2026-08-16,TARDE,61,-,76
2026-08-16,NOCHE,12,-,24
2026-08-17,MEDIODÍA,4,R,50
2026-08-17,TARDE,50,R,50
2026-08-17,NOCHE,27,R,14
2026-08-18,MEDIODÍA,29,-,2
2026-08-18,TARDE,89,R,3
2026-08-18,NOCHE,93,-,1
2026-08-19,MEDIODÍA,49,-,41
2026-08-19,TARDE,16,-,75
2026-08-19,NOCHE,0,R,6
2026-08-20,MEDIODÍA,62,-,83
2026-08-20,TARDE,5,R,6
2026-08-20,NOCHE,0,-,91
2026-08-21,MEDIODÍA,81,-,11
2026-08-21,TARDE,97,-,58
2026-08-21,NOCHE,59,R,69
2026-08-22,MEDIODÍA,6,-,19
2026-08-22,TARDE,7,-,54
2026-08-22,NOCHE,32,-,79
2026-08-23,MEDIODÍA,17,-,42
2026-08-23,TARDE,25,-,55
2026-08-23,NOCHE,25,-,2
2026-08-24,MEDIODÍA,83,-,32
2026-08-24,TARDE,64,-,90
2026-08-24,NOCHE,62,-,1
2026-08-25,MEDIODÍA,67,-,69
2026-08-25,TARDE,2,-,28
2026-08-25,NOCHE,25,R,51
2026-08-26,MEDIODÍA,94,-,91
2026-08-26,TARDE,70,R,85
2026-08-26,NOCHE,12,-,5
2026-08-27,MEDIODÍA,57,R,91
2026-08-27,TARDE,74,-,47
2026-08-27,NOCHE,73,R,14
2026-08-28,MEDIODÍA,18,R,5
2026-08-28,TARDE,61,R,37
2026-08-28,NOCHE,9,-,19
2026-08-29,MEDIODÍA,5,-,28
2026-08-29,TARDE,37,R,63
2026-08-29,NOCHE,35,-,84
2026-08-30,MEDIODÍA,0,R,13
2026-08-30,TARDE,6,-,5
2026-08-30,NOCHE,72,-,90
2026-08-31,MEDIODÍA,13,R,35
2026-08-31,TARDE,82,-,50
2026-08-31,NOCHE,35,-,60
2026-09-01,MEDIODÍA,93,-,86
2026-09-01,TARDE,35,-,78
2026-09-01,NOCHE,95,R,65
2026-09-02,MEDIODÍA,41,-,43
2026-09-02,TARDE,42,R,95
2026-09-02,NOCHE,57,R,92
2026-09-03,MEDIODÍA,89,R,74
2026-09-03,TARDE,43,-,86
2026-09-03,NOCHE,87,-,2
2026-09-04,MEDIODÍA,43,-,10
2026-09-04,TARDE,65,-,3
2026-09-04,NOCHE,51,-,81
2026-09-05,MEDIODÍA,48,-,94
2026-09-05,TARDE,40,-,96
2026-09-05,NOCHE,87,R,31
2026-09-06,MEDIODÍA,20,-,12
2026-09-06,TARDE,77,-,17
2026-09-06,NOCHE,27,R,58
2026-09-07,MEDIODÍA,12,R,66
2026-09-07,TARDE,24,-,80
2026-09-07,NOCHE,30,-,85
2026-09-08,MEDIODÍA,62,R,75
2026-09-08,TARDE,1,-,55
2026-09-08,NOCHE,92,-,26
2026-09-09,MEDIODÍA,23,R,57
2026-09-09,TARDE,66,-,40
2026-09-09,NOCHE,4,-,82
2026-09-10,MEDIODÍA,92,R,37
2026-09-10,TARDE,83,-,64
2026-09-10,NOCHE,64,R,1
2026-09-11,MEDIODÍA,51,R,6
2026-09-11,TARDE,88,-,11
2026-09-11,NOCHE,9,-,80
2026-09-12,MEDIODÍA,88,-,80
2026-09-12,TARDE,5,-,83
2026-09-12,NOCHE,20,R,79
2026-09-13,MEDIODÍA,86,-,29
2026-09-13,TARDE,70,-,34
2026-09-13,NOCHE,3,R,3
2026-09-14,MEDIODÍA,49,-,0
2026-09-14,TARDE,26,R,56
2026-09-14,NOCHE,32,-,53
2026-09-15,MEDIODÍA,93,-,90
2026-09-15,TARDE,46,-,82
2026-09-15,NOCHE,86,-,62
2026-09-16,MEDIODÍA,15,-,52
2026-09-16,TARDE,82,R,62
2026-09-16,NOCHE,6,R,21
2026-09-17,MEDIODÍA,64,R,52
2026-09-17,TARDE,57,-,90
2026-09-17,NOCHE,25,-,48
2026-09-18,MEDIODÍA,26,R,44
2026-09-18,TARDE,88,-,6
2026-09-18,NOCHE,19,R,85
2026-09-19,MEDIODÍA,84,-,9
2026-09-19,TARDE,77,-,57
2026-09-19,NOCHE,43,-,7
2026-09-20,MEDIODÍA,85,R,32
2026-09-20,TARDE,76,-,15
2026-09-20,NOCHE,50,-,52
2026-09-21,MEDIODÍA,98,-,21
2026-09-21,TARDE,56,R,65
2026-09-21,NOCHE,46,R,2
2026-09-22,MEDIODÍA,11,-,0
2026-09-22,TARDE,65,R,1
2026-09-22,NOCHE,95,R,96
2026-09-23,MEDIODÍA,65,-,33
2026-09-23,TARDE,93,R,76
2026-09-23,NOCHE,89,-,93
2026-09-24,MEDIODÍA,53,-,25
2026-09-24,TARDE,47,R,18
2026-09-24,NOCHE,3,-,22
2026-09-25,MEDIODÍA,31,R,74
2026-09-25,TARDE,37,-,58
2026-09-25,NOCHE,84,R,98
2026-09-26,MEDIODÍA,24,-,30
2026-09-26,TARDE,39,-,0
2026-09-26,NOCHE,85,-,23
2026-09-27,MEDIODÍA,80,R,86
2026-09-27,TARDE,32,-,61
2026-09-27,NOCHE,12,-,11
2026-09-28,MEDIODÍA,9,-,50
2026-09-28,TARDE,34,-,74
2026-09-28,NOCHE,0,-,69
2026-09-29,MEDIODÍA,78,-,45
2026-09-29,TARDE,86,-,3
2026-09-29,NOCHE,23,-,22
2026-09-30,MEDIODÍA,78,-,16
2026-09-30,TARDE,24,R,30
2026-09-30,NOCHE,8,-,37
2026-10-01,MEDIODÍA,11,-,5
2026-10-01,TARDE,22,-,59
2026-10-01,NOCHE,84,-,27
2026-10-02,MEDIODÍA,10,-,28
2026-10-02,TARDE,64,-,58
2026-10-02,NOCHE,80,R,97
2026-10-03,MEDIODÍA,19,R,55
2026-10-03,TARDE,57,R,86
2026-10-03,NOCHE,4,-,6
2026-10-04,MEDIODÍA,64,-,87
2026-10-04,TARDE,95,R,49
2026-10-04,NOCHE,97,-,35
2026-10-05,MEDIODÍA,35,-,71
2026-10-05,TARDE,33,R,8
2026-10-05,NOCHE,50,-,20
2026-10-06,MEDIODÍA,3,R,67
2026-10-06,TARDE,51,R,76
2026-10-06,NOCHE,28,-,97
2026-10-07,MEDIODÍA,31,-,26
2026-10-07,TARDE,22,-,81
2026-10-07,NOCHE,91,R,1
2026-10-08,MEDIODÍA,23,-,6
2026-10-08,TARDE,48,R,98
2026-10-08,NOCHE,78,-,26
2026-10-09,MEDIODÍA,8,-,32
2026-10-09,TARDE,82,R,7
2026-10-09,NOCHE,61,-,91
